# Residuals   
# Time        	p             	Ux            	Uy            	Uz            
0             	N/A	N/A
1             	1.000000e+00	1.000000e+00	1.000000e+00	1.000000e+00
2             	1.253228e-01	3.446032e-01	4.912393e-01	4.885080e-01
3             	6.076874e-02	7.778991e-02	2.119534e-01	2.322229e-01
4             	6.380025e-02	5.860275e-02	1.679068e-01	1.938115e-01
5             	6.682666e-02	3.375985e-02	7.007277e-02	8.166346e-02
6             	8.037766e-02	2.210494e-02	4.999838e-02	5.784220e-02
7             	1.082414e-01	1.567044e-02	4.340630e-02	5.060880e-02
8             	9.151076e-02	6.090766e-02	4.035307e-01	2.412429e-01
9             	7.456578e-02	3.404463e-02	1.575229e-01	1.816617e-01
10            	3.882804e-01	2.791927e-02	8.568056e-02	1.596265e-01
11            	7.252484e-01	7.632800e-01	7.716683e-01	6.433641e-01
12            	4.220233e-01	5.093645e-01	5.382235e-01	5.716569e-01
13            	4.311842e-02	4.455106e-01	4.944113e-01	5.382684e-01
14            	5.627627e-02	3.993359e-01	4.036804e-01	4.445528e-01
15            	5.477492e-02	3.588730e-01	3.827399e-01	4.003287e-01
16            	8.208315e-02	3.454944e-01	3.378102e-01	3.927915e-01
17            	1.237447e-01	3.215251e-01	3.156508e-01	4.027228e-01
18            	1.264149e-01	3.148352e-01	3.076024e-01	3.819178e-01
19            	1.149944e-01	3.021070e-01	3.101412e-01	3.691283e-01
20            	1.438715e-01	2.838123e-01	3.165264e-01	3.689960e-01
21            	1.512222e-01	2.573738e-01	2.934911e-01	3.611467e-01
22            	1.369859e-01	2.393851e-01	2.856676e-01	3.406791e-01
23            	1.295106e-01	2.188641e-01	2.687479e-01	3.166299e-01
24            	1.199142e-01	2.066272e-01	2.517019e-01	2.893998e-01
25            	1.185103e-01	1.995239e-01	2.380370e-01	2.603847e-01
26            	1.207482e-01	1.825716e-01	2.332588e-01	2.346829e-01
27            	1.170823e-01	1.637557e-01	2.250847e-01	2.159706e-01
28            	1.108330e-01	1.442729e-01	2.159564e-01	2.066477e-01
29            	1.049594e-01	1.272222e-01	2.050536e-01	2.024957e-01
30            	1.043704e-01	1.133409e-01	1.977986e-01	1.991796e-01
31            	1.087262e-01	1.079186e-01	1.934857e-01	1.927934e-01
32            	1.134895e-01	1.067994e-01	1.878130e-01	1.850149e-01
33            	1.126755e-01	1.049376e-01	1.801258e-01	1.771564e-01
34            	1.036189e-01	1.014187e-01	1.691278e-01	1.708822e-01
35            	9.424568e-02	9.794343e-02	1.564231e-01	1.691286e-01
36            	8.677444e-02	9.333189e-02	1.428520e-01	1.651622e-01
37            	7.957414e-02	8.729973e-02	1.300003e-01	1.563493e-01
38            	7.617090e-02	8.044381e-02	1.191439e-01	1.473861e-01
39            	7.518429e-02	7.207504e-02	1.113241e-01	1.412750e-01
40            	7.563243e-02	6.322863e-02	1.055845e-01	1.375537e-01
41            	7.472290e-02	5.621599e-02	9.975250e-02	1.309937e-01
42            	7.410729e-02	5.156300e-02	9.568558e-02	1.227798e-01
43            	7.267049e-02	4.908955e-02	9.377652e-02	1.152941e-01
44            	6.790649e-02	5.002855e-02	9.234108e-02	1.120282e-01
45            	6.385977e-02	5.401069e-02	8.740169e-02	1.110351e-01
46            	5.829156e-02	5.870150e-02	8.229104e-02	1.107078e-01
47            	5.235923e-02	5.933443e-02	7.829744e-02	1.066320e-01
48            	5.371903e-02	4.959537e-02	7.731644e-02	1.053601e-01
49            	5.520457e-02	4.257846e-02	7.567166e-02	9.837556e-02
50            	5.689947e-02	3.728134e-02	7.224991e-02	8.982948e-02
51            	5.416887e-02	3.179992e-02	6.739279e-02	8.117117e-02
52            	5.098532e-02	2.800670e-02	6.332788e-02	7.443226e-02
53            	4.641924e-02	2.522854e-02	5.945770e-02	6.906344e-02
54            	4.129671e-02	2.347932e-02	5.563817e-02	6.395261e-02
55            	3.660187e-02	2.251432e-02	5.186392e-02	5.930479e-02
56            	3.270596e-02	2.199524e-02	4.800711e-02	5.518976e-02
57            	2.984842e-02	2.146260e-02	4.444427e-02	5.139578e-02
58            	2.793220e-02	2.085916e-02	4.142664e-02	4.824449e-02
59            	2.641185e-02	2.013578e-02	3.874862e-02	4.540869e-02
60            	2.500039e-02	1.893244e-02	3.660003e-02	4.324712e-02
61            	2.380763e-02	1.825418e-02	3.462810e-02	4.077134e-02
62            	2.300461e-02	1.802550e-02	3.286294e-02	3.866592e-02
63            	2.129219e-02	1.811673e-02	3.281829e-02	3.806534e-02
64            	2.134048e-02	1.789923e-02	3.027522e-02	3.598614e-02
65            	1.899681e-02	1.764485e-02	2.999247e-02	3.433635e-02
66            	1.863778e-02	1.664375e-02	2.783444e-02	3.279577e-02
67            	1.790041e-02	1.570522e-02	2.657164e-02	3.114964e-02
68            	1.746615e-02	1.484045e-02	2.536995e-02	2.975566e-02
69            	1.699399e-02	1.409622e-02	2.382092e-02	2.853690e-02
70            	1.663643e-02	1.351324e-02	2.307246e-02	2.750064e-02
71            	1.622548e-02	1.306461e-02	2.185381e-02	2.666757e-02
72            	1.737316e-02	1.268010e-02	2.101476e-02	2.599745e-02
73            	1.688035e-02	1.573715e-02	4.701660e-02	2.848091e-02
74            	1.758517e-02	1.446264e-02	3.623512e-02	3.901964e-02
75            	1.694880e-02	1.317075e-02	2.819468e-02	3.265197e-02
76            	1.639935e-02	1.241752e-02	2.322824e-02	2.901092e-02
77            	1.584793e-02	1.185132e-02	2.211556e-02	2.738497e-02
78            	1.570520e-02	1.162888e-02	2.097973e-02	2.583449e-02
79            	1.549772e-02	1.146839e-02	2.025310e-02	2.454880e-02
80            	1.515842e-02	1.135508e-02	1.957464e-02	2.331434e-02
81            	1.506284e-02	1.135241e-02	1.925679e-02	2.256612e-02
82            	1.520209e-02	1.144382e-02	1.902148e-02	2.195883e-02
83            	1.485552e-02	1.156320e-02	1.852420e-02	2.152463e-02
84            	1.488965e-02	1.170568e-02	1.834838e-02	2.096906e-02
85            	1.469926e-02	1.188652e-02	1.792241e-02	2.049877e-02
86            	1.440318e-02	1.224365e-02	1.761830e-02	1.998592e-02
87            	1.410398e-02	1.300369e-02	1.761774e-02	1.958644e-02
88            	1.405882e-02	1.362874e-02	1.769211e-02	1.913367e-02
89            	1.407958e-02	1.408118e-02	1.768551e-02	1.891061e-02
90            	1.393254e-02	1.452906e-02	1.768794e-02	1.877825e-02
91            	1.398015e-02	1.528901e-02	1.774472e-02	1.869603e-02
92            	1.389691e-02	1.606923e-02	1.792527e-02	1.853609e-02
93            	1.368367e-02	1.670857e-02	1.807055e-02	1.859105e-02
94            	1.373099e-02	1.752919e-02	1.846438e-02	1.874706e-02
95            	1.418488e-02	1.830138e-02	1.864796e-02	1.882405e-02
96            	1.377816e-02	1.914649e-02	1.912144e-02	1.920433e-02
97            	1.394418e-02	2.003740e-02	1.944707e-02	1.948893e-02
98            	1.444460e-02	2.082411e-02	1.990032e-02	2.011983e-02
99            	1.529982e-02	2.159228e-02	2.064355e-02	2.100551e-02
100           	1.698121e-02	2.236657e-02	2.127098e-02	2.237718e-02
101           	1.814913e-02	2.180275e-02	2.123951e-02	2.424458e-02
102           	1.952841e-02	1.941392e-02	2.054784e-02	2.555698e-02
103           	1.988173e-02	1.761827e-02	2.004818e-02	2.625473e-02
104           	2.040232e-02	1.579530e-02	1.946477e-02	2.630469e-02
105           	2.024484e-02	1.463092e-02	1.836590e-02	2.585890e-02
106           	2.062325e-02	1.392634e-02	1.743166e-02	2.530584e-02
107           	2.135037e-02	1.360672e-02	1.709927e-02	2.480507e-02
108           	2.175537e-02	1.364796e-02	1.679634e-02	2.439794e-02
109           	2.195086e-02	1.382622e-02	1.637665e-02	2.408054e-02
110           	2.231626e-02	1.411758e-02	1.588132e-02	2.351209e-02
111           	2.239915e-02	1.440506e-02	1.556496e-02	2.291682e-02
112           	2.230942e-02	1.469378e-02	1.543562e-02	2.225943e-02
113           	2.204570e-02	1.494241e-02	1.508831e-02	2.184391e-02
114           	2.219515e-02	1.511549e-02	1.479486e-02	2.160266e-02
115           	2.241642e-02	1.521034e-02	1.455356e-02	2.116905e-02
116           	2.229996e-02	1.525434e-02	1.406101e-02	2.073759e-02
117           	2.164674e-02	1.522551e-02	1.355379e-02	2.064931e-02
118           	2.083023e-02	1.507770e-02	1.285083e-02	2.025262e-02
119           	1.997798e-02	1.481229e-02	1.210998e-02	1.976473e-02
120           	1.923454e-02	1.436736e-02	1.136805e-02	1.889883e-02
121           	1.861750e-02	1.375101e-02	1.059780e-02	1.798153e-02
122           	1.777430e-02	1.298670e-02	9.765786e-03	1.686289e-02
123           	1.641457e-02	1.240121e-02	8.947700e-03	1.583398e-02
124           	1.530977e-02	1.201537e-02	8.282285e-03	1.507395e-02
125           	1.454259e-02	1.169440e-02	7.767662e-03	1.446690e-02
126           	1.377580e-02	1.139940e-02	7.437247e-03	1.413444e-02
127           	1.306428e-02	1.117280e-02	7.172157e-03	1.395371e-02
128           	1.251166e-02	1.099139e-02	6.996816e-03	1.389133e-02
129           	1.220606e-02	1.079011e-02	6.704953e-03	1.358516e-02
130           	1.192484e-02	1.063437e-02	6.512260e-03	1.336275e-02
131           	1.182095e-02	1.050745e-02	6.368830e-03	1.317563e-02
132           	1.185681e-02	1.044342e-02	6.335562e-03	1.307039e-02
133           	1.167602e-02	1.032959e-02	6.126807e-03	1.279012e-02
134           	1.152862e-02	1.024264e-02	6.064806e-03	1.258566e-02
135           	1.135550e-02	1.016617e-02	6.093987e-03	1.244869e-02
136           	1.133614e-02	1.013591e-02	6.180301e-03	1.236401e-02
137           	1.127714e-02	1.017600e-02	6.252309e-03	1.231912e-02
138           	1.135968e-02	1.023825e-02	6.466772e-03	1.233011e-02
139           	1.165204e-02	1.031711e-02	6.805362e-03	1.247874e-02
140           	1.199730e-02	1.043222e-02	7.151087e-03	1.272875e-02
141           	1.235260e-02	1.058627e-02	7.630490e-03	1.310247e-02
142           	1.264886e-02	1.079501e-02	8.139411e-03	1.340058e-02
143           	1.306823e-02	1.098278e-02	8.642012e-03	1.372466e-02
144           	1.349659e-02	1.121009e-02	9.144808e-03	1.406968e-02
145           	1.375561e-02	1.140987e-02	9.524224e-03	1.441168e-02
146           	1.386633e-02	1.160942e-02	9.697113e-03	1.473773e-02
147           	1.370229e-02	1.183888e-02	9.720550e-03	1.492321e-02
148           	1.352781e-02	1.194494e-02	9.731905e-03	1.481025e-02
149           	1.332309e-02	1.198445e-02	9.732353e-03	1.458848e-02
150           	1.310519e-02	1.199552e-02	9.741838e-03	1.441361e-02
151           	1.284486e-02	1.199756e-02	9.635492e-03	1.441562e-02
152           	1.268723e-02	1.197527e-02	9.696065e-03	1.435747e-02
153           	1.242502e-02	1.196717e-02	9.628294e-03	1.437791e-02
154           	1.226012e-02	1.195416e-02	9.699562e-03	1.429944e-02
155           	1.199334e-02	1.195243e-02	9.636554e-03	1.431261e-02
156           	1.179778e-02	1.194718e-02	9.734759e-03	1.425444e-02
157           	1.162153e-02	1.194016e-02	9.771815e-03	1.423229e-02
158           	1.143252e-02	1.194775e-02	9.687635e-03	1.428267e-02
159           	1.132220e-02	1.193914e-02	9.757015e-03	1.427512e-02
160           	1.127799e-02	1.193559e-02	9.798793e-03	1.431179e-02
161           	1.126788e-02	1.193166e-02	9.841177e-03	1.434791e-02
162           	1.131284e-02	1.194803e-02	9.866721e-03	1.440662e-02
163           	1.142585e-02	1.199532e-02	9.896611e-03	1.430165e-02
164           	1.157085e-02	1.203523e-02	9.930215e-03	1.430928e-02
165           	1.172653e-02	1.209140e-02	9.984547e-03	1.438549e-02
166           	1.189969e-02	1.214403e-02	1.007916e-02	1.449627e-02
167           	1.204287e-02	1.220109e-02	1.017853e-02	1.464674e-02
168           	1.220199e-02	1.227247e-02	1.027892e-02	1.478543e-02
169           	1.239001e-02	1.234381e-02	1.035826e-02	1.493097e-02
170           	1.252117e-02	1.242351e-02	1.044065e-02	1.502772e-02
171           	1.353619e-02	1.233974e-02	1.058525e-02	1.490733e-02
172           	1.287676e-02	1.282748e-02	1.094688e-02	1.552683e-02
173           	1.371440e-02	1.259662e-02	1.080242e-02	1.511645e-02
174           	1.308464e-02	1.305276e-02	1.108874e-02	1.579593e-02
175           	1.391446e-02	1.284115e-02	1.095854e-02	1.538111e-02
176           	1.341530e-02	1.322395e-02	1.130000e-02	1.590175e-02
177           	1.431986e-02	1.302350e-02	1.121915e-02	1.554206e-02
178           	1.364888e-02	1.343511e-02	1.159327e-02	1.601986e-02
179           	1.443528e-02	1.325243e-02	1.148678e-02	1.570075e-02
180           	1.403848e-02	1.368168e-02	1.183883e-02	1.608560e-02
181           	1.474637e-02	1.353703e-02	1.179169e-02	1.585037e-02
182           	1.411547e-02	1.392633e-02	1.217003e-02	1.614965e-02
183           	1.488934e-02	1.375961e-02	1.207811e-02	1.585610e-02
184           	1.428453e-02	1.409153e-02	1.230914e-02	1.609586e-02
185           	1.529593e-02	1.396042e-02	1.226880e-02	1.586288e-02
186           	1.478418e-02	1.433728e-02	1.251338e-02	1.615714e-02
187           	1.587522e-02	1.427104e-02	1.253721e-02	1.592815e-02
188           	1.538291e-02	1.469172e-02	1.276062e-02	1.628598e-02
189           	1.635813e-02	1.462206e-02	1.279522e-02	1.612225e-02
190           	1.571060e-02	1.508223e-02	1.311618e-02	1.651740e-02
191           	1.688276e-02	1.505079e-02	1.318404e-02	1.639575e-02
192           	1.656346e-02	1.565250e-02	1.354040e-02	1.691253e-02
193           	1.776310e-02	1.557301e-02	1.360746e-02	1.678081e-02
194           	1.735995e-02	1.625430e-02	1.411983e-02	1.739221e-02
195           	1.859245e-02	1.619096e-02	1.417256e-02	1.732104e-02
196           	1.836792e-02	1.702150e-02	1.478574e-02	1.801171e-02
197           	1.978297e-02	1.687189e-02	1.485297e-02	1.794120e-02
198           	1.993955e-02	1.778787e-02	1.562207e-02	1.869561e-02
199           	2.114728e-02	1.762159e-02	1.562299e-02	1.861436e-02
200           	2.148901e-02	1.858316e-02	1.652540e-02	1.946444e-02
201           	2.232314e-02	1.879959e-02	1.675720e-02	1.977581e-02
202           	2.290758e-02	1.909173e-02	1.726744e-02	2.011816e-02
203           	2.366119e-02	1.938542e-02	1.775142e-02	2.042812e-02
204           	2.451983e-02	1.950137e-02	1.816076e-02	2.066857e-02
205           	2.541732e-02	1.925387e-02	1.818449e-02	2.062098e-02
206           	2.557156e-02	1.938410e-02	1.853653e-02	2.064118e-02
207           	2.617563e-02	1.882705e-02	1.804125e-02	2.028605e-02
208           	2.527888e-02	1.866083e-02	1.787878e-02	2.003732e-02
209           	2.529101e-02	1.814722e-02	1.717225e-02	1.963794e-02
210           	2.445176e-02	1.763751e-02	1.640662e-02	1.949453e-02
211           	2.402430e-02	1.706258e-02	1.561696e-02	1.891442e-02
212           	2.266767e-02	1.615785e-02	1.477189e-02	1.810019e-02
213           	2.112662e-02	1.521325e-02	1.378834e-02	1.704126e-02
214           	1.970772e-02	1.442448e-02	1.278729e-02	1.608141e-02
215           	1.837475e-02	1.375703e-02	1.206568e-02	1.531863e-02
216           	1.719366e-02	1.316670e-02	1.159131e-02	1.471087e-02
217           	1.619530e-02	1.263604e-02	1.122224e-02	1.417857e-02
218           	1.529425e-02	1.215406e-02	1.094538e-02	1.368303e-02
219           	1.468044e-02	1.169993e-02	1.071224e-02	1.322699e-02
220           	1.437010e-02	1.127042e-02	1.048321e-02	1.277921e-02
221           	1.383880e-02	1.084640e-02	1.026202e-02	1.241974e-02
222           	1.325085e-02	1.042971e-02	1.004961e-02	1.211712e-02
223           	1.265432e-02	1.003376e-02	9.838346e-03	1.191271e-02
224           	1.234174e-02	9.653362e-03	9.662411e-03	1.175794e-02
225           	1.205330e-02	9.298237e-03	9.488163e-03	1.162080e-02
226           	1.171300e-02	8.956657e-03	9.338734e-03	1.147013e-02
227           	1.140660e-02	8.631264e-03	9.209626e-03	1.131742e-02
228           	1.100721e-02	8.310273e-03	9.099843e-03	1.115709e-02
229           	1.090271e-02	7.997564e-03	9.018706e-03	1.103583e-02
230           	1.085031e-02	7.717404e-03	8.967597e-03	1.089930e-02
231           	1.067648e-02	7.458144e-03	8.919797e-03	1.072376e-02
232           	1.054389e-02	7.210421e-03	8.882581e-03	1.050745e-02
233           	1.023691e-02	6.969358e-03	8.844723e-03	1.031524e-02
234           	1.022836e-02	6.739645e-03	8.818862e-03	1.016635e-02
235           	1.018270e-02	6.537832e-03	8.805492e-03	1.000070e-02
236           	1.014332e-02	6.353847e-03	8.798357e-03	9.795361e-03
237           	1.005240e-02	6.181676e-03	8.790691e-03	9.581215e-03
238           	9.832889e-03	6.005386e-03	8.790095e-03	9.410266e-03
239           	9.945651e-03	5.845635e-03	8.798806e-03	9.280975e-03
240           	1.000637e-02	5.710121e-03	8.811648e-03	9.116275e-03
241           	1.012479e-02	5.585459e-03	8.829842e-03	8.931972e-03
242           	9.779981e-03	5.447347e-03	8.844735e-03	8.739971e-03
243           	9.762109e-03	5.313341e-03	8.862498e-03	8.622137e-03
244           	9.929573e-03	5.196024e-03	8.899645e-03	8.488681e-03
245           	1.016133e-02	5.092340e-03	8.925231e-03	8.326557e-03
246           	9.797170e-03	4.967598e-03	8.941427e-03	8.123165e-03
247           	9.729791e-03	4.840802e-03	8.940367e-03	7.984433e-03
248           	1.008318e-02	4.723197e-03	8.952411e-03	7.862561e-03
249           	1.017829e-02	4.616243e-03	8.947839e-03	7.708410e-03
250           	9.685186e-03	4.494565e-03	8.932123e-03	7.505328e-03
251           	9.770976e-03	4.370324e-03	8.895357e-03	7.362865e-03
252           	1.007127e-02	4.249911e-03	8.878432e-03	7.253020e-03
253           	9.986438e-03	4.141951e-03	8.835243e-03	7.085643e-03
254           	9.647456e-03	4.026008e-03	8.780776e-03	6.896209e-03
255           	9.799506e-03	3.908096e-03	8.675748e-03	6.758691e-03
256           	9.977091e-03	3.789127e-03	8.554170e-03	6.624442e-03
257           	9.618101e-03	3.683496e-03	8.383370e-03	6.509003e-03
258           	9.319135e-03	3.571477e-03	8.186931e-03	6.363229e-03
259           	9.761236e-03	3.446272e-03	8.022909e-03	6.265975e-03
260           	9.524413e-03	3.338162e-03	7.850032e-03	6.116066e-03
261           	8.962148e-03	3.232450e-03	7.670228e-03	5.913057e-03
262           	9.402273e-03	3.118442e-03	7.478860e-03	5.762692e-03
263           	9.308202e-03	3.009678e-03	7.294523e-03	5.634569e-03
264           	8.725713e-03	2.904581e-03	7.115089e-03	5.437458e-03
265           	8.978331e-03	2.808413e-03	6.902260e-03	5.287712e-03
266           	9.215532e-03	2.704726e-03	6.716311e-03	5.188537e-03
267           	8.573191e-03	2.611588e-03	6.538255e-03	5.029466e-03
268           	8.506327e-03	2.527137e-03	6.322096e-03	4.862213e-03
269           	9.022363e-03	2.430673e-03	6.138731e-03	4.775471e-03
270           	8.315100e-03	2.348061e-03	5.962041e-03	4.633085e-03
271           	7.989447e-03	2.269792e-03	5.747604e-03	4.461940e-03
272           	8.605018e-03	2.186424e-03	5.563415e-03	4.376391e-03
273           	7.987606e-03	2.108121e-03	5.392576e-03	4.264104e-03
274           	7.588238e-03	2.044207e-03	5.246691e-03	4.062542e-03
275           	8.086962e-03	1.983825e-03	5.102206e-03	3.939752e-03
276           	7.873366e-03	1.919871e-03	4.971885e-03	3.850262e-03
277           	7.062373e-03	1.865568e-03	4.833470e-03	3.710778e-03
278           	7.114101e-03	1.818281e-03	4.688018e-03	3.625268e-03
279           	7.621271e-03	1.763519e-03	4.617838e-03	3.657079e-03
280           	6.827343e-03	1.715340e-03	4.590761e-03	3.618574e-03
281           	6.447940e-03	1.668401e-03	4.492961e-03	3.500773e-03
282           	6.993955e-03	1.626052e-03	4.398856e-03	3.446865e-03
283           	6.326810e-03	1.585625e-03	4.343510e-03	3.398083e-03
284           	5.304601e-03	1.534173e-03	4.187454e-03	3.148252e-03
285           	6.196843e-03	1.584206e-03	4.141090e-03	3.201109e-03
286           	5.452517e-03	1.520265e-03	4.127364e-03	3.144493e-03
287           	4.701667e-03	1.364884e-03	3.884776e-03	2.868463e-03
288           	4.088361e-03	1.215433e-03	3.550747e-03	2.475361e-03
289           	3.521725e-03	1.098085e-03	3.212101e-03	2.144523e-03
290           	2.995285e-03	1.014351e-03	2.905587e-03	1.931573e-03
291           	2.581675e-03	9.456290e-04	2.629029e-03	1.763023e-03
292           	2.243547e-03	8.859799e-04	2.381860e-03	1.624162e-03
293           	2.038107e-03	8.295773e-04	2.169577e-03	1.477982e-03
294           	1.756828e-03	7.947840e-04	1.977422e-03	1.421870e-03
295           	1.616744e-03	7.513571e-04	1.815570e-03	1.305294e-03
296           	1.435630e-03	7.279911e-04	1.675068e-03	1.265801e-03
297           	1.318654e-03	6.909939e-04	1.551838e-03	1.169713e-03
298           	1.177841e-03	6.714650e-04	1.447401e-03	1.137969e-03
299           	1.091087e-03	6.400203e-04	1.343179e-03	1.061184e-03
300           	9.796438e-04	6.227101e-04	1.241717e-03	1.039438e-03
301           	9.128012e-04	5.958021e-04	1.162204e-03	9.689243e-04
302           	8.326939e-04	5.829612e-04	1.096350e-03	9.464929e-04
303           	7.856967e-04	5.595093e-04	1.034146e-03	8.885656e-04
304           	7.213428e-04	5.489838e-04	9.842722e-04	8.734933e-04
305           	6.850961e-04	5.279670e-04	9.323759e-04	8.237327e-04
306           	6.326675e-04	5.184169e-04	8.905882e-04	8.108584e-04
307           	5.882489e-04	5.027911e-04	8.481812e-04	7.787858e-04
308           	5.537972e-04	4.881901e-04	8.114294e-04	7.493249e-04
309           	5.252079e-04	4.754713e-04	7.755246e-04	7.221516e-04
310           	4.986684e-04	4.630839e-04	7.450117e-04	6.979668e-04
311           	4.742691e-04	4.513230e-04	7.140770e-04	6.749432e-04
312           	4.521138e-04	4.397613e-04	6.875351e-04	6.538803e-04
313           	4.322931e-04	4.283766e-04	6.598481e-04	6.331296e-04
314           	4.143664e-04	4.174618e-04	6.364970e-04	6.139746e-04
315           	3.985899e-04	4.067884e-04	6.116352e-04	5.956800e-04
316           	3.854926e-04	3.968692e-04	5.913381e-04	5.793037e-04
317           	3.768438e-04	3.872831e-04	5.703166e-04	5.642562e-04
318           	3.639130e-04	3.782111e-04	5.524864e-04	5.506467e-04
319           	3.540810e-04	3.690907e-04	5.332100e-04	5.365683e-04
320           	3.448513e-04	3.604263e-04	5.241749e-04	5.231809e-04
321           	3.348693e-04	3.518486e-04	5.042861e-04	5.113115e-04
322           	3.271980e-04	3.438244e-04	4.943923e-04	4.988346e-04
323           	3.176320e-04	3.356766e-04	4.812240e-04	4.867596e-04
324           	3.107585e-04	3.277360e-04	4.687554e-04	4.753508e-04
325           	3.021130e-04	3.201310e-04	4.548044e-04	4.640022e-04
326           	2.954086e-04	3.125590e-04	4.425239e-04	4.532762e-04
327           	2.891961e-04	3.053181e-04	4.296424e-04	4.422180e-04
328           	2.865952e-04	2.984809e-04	4.195191e-04	4.331154e-04
329           	2.789358e-04	2.917522e-04	4.082990e-04	4.236440e-04
330           	2.753623e-04	2.851533e-04	3.990975e-04	4.147930e-04
331           	2.704558e-04	2.788772e-04	3.894804e-04	4.062371e-04
332           	2.675589e-04	2.726838e-04	3.819117e-04	3.985305e-04
333           	2.644914e-04	2.672126e-04	3.737242e-04	3.919731e-04
334           	2.616365e-04	2.620003e-04	3.668702e-04	3.864843e-04
335           	2.573749e-04	2.565686e-04	3.585164e-04	3.799892e-04
336           	2.540534e-04	2.513734e-04	3.519405e-04	3.745436e-04
337           	2.501810e-04	2.457379e-04	3.430496e-04	3.671141e-04
338           	2.464092e-04	2.404204e-04	3.370943e-04	3.608753e-04
339           	2.446793e-04	2.351906e-04	3.290917e-04	3.542293e-04
340           	2.412779e-04	2.300523e-04	3.235910e-04	3.485426e-04
341           	2.404003e-04	2.251730e-04	3.166936e-04	3.429463e-04
342           	2.375977e-04	2.205307e-04	3.119971e-04	3.384098e-04
343           	2.348106e-04	2.155848e-04	3.054798e-04	3.329084e-04
344           	2.335603e-04	2.110797e-04	3.016419e-04	3.272780e-04
345           	2.309925e-04	2.065600e-04	2.954320e-04	3.221688e-04
346           	2.294673e-04	2.024046e-04	2.915918e-04	3.175807e-04
347           	2.281732e-04	1.982793e-04	2.859935e-04	3.129342e-04
348           	2.260739e-04	1.944755e-04	2.821845e-04	3.091977e-04
349           	2.252480e-04	1.905191e-04	2.768031e-04	3.046156e-04
350           	2.247409e-04	1.868659e-04	2.734701e-04	3.010878e-04
351           	2.225110e-04	1.831542e-04	2.689083e-04	2.971157e-04
352           	2.240131e-04	1.798156e-04	2.666807e-04	2.936566e-04
353           	2.218306e-04	1.766823e-04	2.637026e-04	2.910201e-04
354           	2.198290e-04	1.733071e-04	2.612398e-04	2.872649e-04
355           	2.191973e-04	1.703059e-04	2.584761e-04	2.840295e-04
356           	2.168846e-04	1.671367e-04	2.562861e-04	2.803550e-04
357           	2.157245e-04	1.640680e-04	2.530559e-04	2.768013e-04
358           	2.130521e-04	1.609354e-04	2.506836e-04	2.733349e-04
359           	2.111296e-04	1.576797e-04	2.469093e-04	2.696135e-04
360           	2.093126e-04	1.546121e-04	2.445214e-04	2.660072e-04
361           	2.083205e-04	1.514397e-04	2.402216e-04	2.628229e-04
362           	2.089638e-04	1.489733e-04	2.383207e-04	2.610786e-04
363           	2.108000e-04	1.466633e-04	2.358515e-04	2.629326e-04
364           	2.088088e-04	1.444529e-04	2.350274e-04	2.644423e-04
365           	2.097668e-04	1.420802e-04	2.346694e-04	2.644269e-04
366           	2.084628e-04	1.398092e-04	2.333038e-04	2.639746e-04
367           	2.074289e-04	1.373269e-04	2.318996e-04	2.616711e-04
368           	2.060727e-04	1.350237e-04	2.320098e-04	2.594394e-04
369           	2.040400e-04	1.325725e-04	2.292694e-04	2.564591e-04
370           	2.023866e-04	1.301550e-04	2.273064e-04	2.535279e-04
371           	2.001961e-04	1.277995e-04	2.241676e-04	2.505973e-04
372           	1.983430e-04	1.253803e-04	2.218161e-04	2.476610e-04
373           	1.976627e-04	1.229827e-04	2.189470e-04	2.442723e-04
374           	1.990903e-04	1.208679e-04	2.175702e-04	2.417454e-04
375           	1.974466e-04	1.188030e-04	2.156622e-04	2.395001e-04
376           	1.979836e-04	1.171241e-04	2.150421e-04	2.377603e-04
377           	2.009213e-04	1.149547e-04	2.132343e-04	2.360498e-04
378           	2.047525e-04	1.145051e-04	2.135575e-04	2.357786e-04
379           	2.035656e-04	1.124633e-04	2.130352e-04	2.342169e-04
380           	2.044146e-04	1.118191e-04	2.129151e-04	2.332807e-04
381           	2.117998e-04	1.098711e-04	2.122592e-04	2.323993e-04
382           	2.043628e-04	1.080522e-04	2.104451e-04	2.305268e-04
383           	2.064218e-04	1.076388e-04	2.091112e-04	2.297072e-04
384           	2.095248e-04	1.053945e-04	2.069557e-04	2.270776e-04
385           	2.064196e-04	1.036235e-04	2.047265e-04	2.262905e-04
386           	2.062949e-04	1.030161e-04	2.041016e-04	2.255369e-04
387           	2.150547e-04	1.012554e-04	2.027207e-04	2.255340e-04
388           	2.057157e-04	9.975159e-05	2.007344e-04	2.237695e-04
389           	2.086733e-04	9.901198e-05	1.975156e-04	2.219449e-04
390           	2.111322e-04	9.732771e-05	1.968047e-04	2.198770e-04
391           	2.143353e-04	9.606481e-05	1.960205e-04	2.202186e-04
392           	2.160685e-04	9.518786e-05	1.960744e-04	2.194280e-04
393           	2.161286e-04	9.559667e-05	1.960776e-04	2.220625e-04
394           	2.153369e-04	9.434393e-05	1.953918e-04	2.210571e-04
395           	2.170128e-04	9.326267e-05	1.941108e-04	2.212077e-04
396           	2.149256e-04	9.200772e-05	1.929060e-04	2.199986e-04
397           	2.158636e-04	9.085715e-05	1.913678e-04	2.187157e-04
398           	2.128762e-04	9.051771e-05	1.917634e-04	2.185078e-04
399           	2.126188e-04	8.896983e-05	1.898972e-04	2.168325e-04
400           	2.146104e-04	8.797875e-05	1.898868e-04	2.157422e-04
401           	2.143922e-04	8.713521e-05	1.894083e-04	2.153176e-04
402           	2.130073e-04	8.604148e-05	1.892854e-04	2.134692e-04
403           	2.145387e-04	8.536835e-05	1.890581e-04	2.137195e-04
404           	2.130075e-04	8.430029e-05	1.891891e-04	2.119992e-04
405           	2.149796e-04	8.356542e-05	1.889824e-04	2.119495e-04
406           	2.144524e-04	8.256651e-05	1.885565e-04	2.107168e-04
407           	2.164050e-04	8.169477e-05	1.875179e-04	2.106087e-04
408           	2.144943e-04	8.089386e-05	1.870519e-04	2.091769e-04
409           	2.158518e-04	7.994955e-05	1.856804e-04	2.084851e-04
410           	2.176727e-04	7.922409e-05	1.858019e-04	2.072461e-04
411           	2.181262e-04	7.839529e-05	1.844071e-04	2.074470e-04
412           	2.161887e-04	7.751252e-05	1.833272e-04	2.059436e-04
413           	2.164328e-04	7.683254e-05	1.821796e-04	2.062864e-04
414           	2.145267e-04	7.619646e-05	1.827820e-04	2.058475e-04
415           	2.136092e-04	7.553374e-05	1.820474e-04	2.061413e-04
416           	2.134308e-04	7.506947e-05	1.823484e-04	2.044821e-04
417           	2.117965e-04	7.453358e-05	1.809717e-04	2.040960e-04
418           	2.115651e-04	7.398851e-05	1.806677e-04	2.021809e-04
419           	2.090440e-04	7.342100e-05	1.788272e-04	2.016631e-04
420           	2.089528e-04	7.260745e-05	1.775809e-04	1.991352e-04
421           	2.066335e-04	7.198291e-05	1.757844e-04	1.982075e-04
422           	2.055126e-04	7.106564e-05	1.743330e-04	1.959902e-04
423           	2.051846e-04	7.037560e-05	1.730751e-04	1.949905e-04
424           	2.063715e-04	6.971244e-05	1.725541e-04	1.936579e-04
425           	2.057286e-04	6.924030e-05	1.718338e-04	1.936294e-04
426           	2.068834e-04	6.896707e-05	1.723124e-04	1.932834e-04
427           	2.072620e-04	6.910588e-05	1.727537e-04	1.949885e-04
428           	2.075111e-04	6.899407e-05	1.739140e-04	1.952663e-04
429           	2.076565e-04	6.907248e-05	1.745141e-04	1.960669e-04
430           	2.071510e-04	6.873305e-05	1.750496e-04	1.958604e-04
431           	2.080236e-04	6.850885e-05	1.752773e-04	1.959370e-04
432           	2.062347e-04	6.788499e-05	1.749595e-04	1.949617e-04
433           	2.076147e-04	6.735244e-05	1.737902e-04	1.941844e-04
434           	2.061029e-04	6.686420e-05	1.733410e-04	1.932155e-04
435           	2.069334e-04	6.624431e-05	1.717891e-04	1.926421e-04
436           	2.072341e-04	6.573374e-05	1.713448e-04	1.912653e-04
437           	2.095735e-04	6.539521e-05	1.704974e-04	1.918699e-04
438           	2.079902e-04	6.494571e-05	1.705460e-04	1.911388e-04
439           	2.073916e-04	6.439799e-05	1.692826e-04	1.910008e-04
440           	2.075592e-04	6.395465e-05	1.700520e-04	1.903296e-04
441           	2.068671e-04	6.359074e-05	1.690295e-04	1.907491e-04
442           	2.072789e-04	6.340181e-05	1.701746e-04	1.899420e-04
443           	2.061948e-04	6.309593e-05	1.694349e-04	1.901227e-04
444           	2.055574e-04	6.279760e-05	1.696291e-04	1.892602e-04
445           	2.047139e-04	6.247422e-05	1.683545e-04	1.892861e-04
446           	2.042163e-04	6.196773e-05	1.677264e-04	1.880399e-04
447           	2.035305e-04	6.164563e-05	1.664017e-04	1.878418e-04
448           	2.028990e-04	6.103920e-05	1.655917e-04	1.864165e-04
449           	2.037768e-04	6.067148e-05	1.645105e-04	1.862930e-04
450           	2.063877e-04	6.049570e-05	1.650967e-04	1.857332e-04
451           	2.042255e-04	6.033395e-05	1.651107e-04	1.861435e-04
452           	2.038647e-04	5.987827e-05	1.651735e-04	1.847975e-04
453           	2.035602e-04	5.983767e-05	1.654182e-04	1.848674e-04
454           	2.033547e-04	5.951339e-05	1.660848e-04	1.836969e-04
455           	2.030408e-04	5.951316e-05	1.663723e-04	1.839964e-04
456           	2.019490e-04	5.916851e-05	1.661615e-04	1.828669e-04
457           	2.022063e-04	5.889964e-05	1.656707e-04	1.828992e-04
458           	2.014033e-04	5.856865e-05	1.654062e-04	1.821397e-04
459           	2.020809e-04	5.814784e-05	1.641448e-04	1.821923e-04
460           	2.023734e-04	5.790086e-05	1.637001e-04	1.816300e-04
461           	2.047811e-04	5.786173e-05	1.626818e-04	1.830948e-04
462           	2.060781e-04	5.781791e-05	1.627105e-04	1.835700e-04
463           	2.087976e-04	5.793904e-05	1.623283e-04	1.849061e-04
464           	2.089666e-04	5.806482e-05	1.633907e-04	1.860859e-04
465           	2.062361e-04	5.780693e-05	1.624601e-04	1.861902e-04
466           	2.062275e-04	5.765295e-05	1.636952e-04	1.858177e-04
467           	2.039738e-04	5.749989e-05	1.631406e-04	1.860741e-04
468           	2.030424e-04	5.727379e-05	1.637863e-04	1.852686e-04
469           	2.009518e-04	5.711589e-05	1.627610e-04	1.852167e-04
470           	1.997132e-04	5.680004e-05	1.625508e-04	1.839862e-04
471           	1.987186e-04	5.666019e-05	1.614350e-04	1.836169e-04
472           	1.971365e-04	5.614658e-05	1.606894e-04	1.820731e-04
473           	1.986049e-04	5.574585e-05	1.595273e-04	1.813825e-04
474           	2.004593e-04	5.531864e-05	1.594983e-04	1.804053e-04
475           	2.002309e-04	5.495855e-05	1.587370e-04	1.805291e-04
476           	2.020878e-04	5.481027e-05	1.593863e-04	1.798534e-04
477           	2.018040e-04	5.484328e-05	1.597869e-04	1.801892e-04
478           	2.019860e-04	5.477719e-05	1.609092e-04	1.799182e-04
479           	2.026675e-04	5.503740e-05	1.617114e-04	1.808573e-04
480           	2.023126e-04	5.501903e-05	1.624781e-04	1.804568e-04
481           	2.028200e-04	5.512862e-05	1.630289e-04	1.812396e-04
482           	2.018183e-04	5.497172e-05	1.630696e-04	1.805946e-04
483           	2.024522e-04	5.476741e-05	1.622296e-04	1.807368e-04
484           	2.013353e-04	5.451932e-05	1.618970e-04	1.795055e-04
485           	2.015998e-04	5.413423e-05	1.606576e-04	1.794777e-04
486           	2.026973e-04	5.378690e-05	1.602878e-04	1.780234e-04
487           	2.055337e-04	5.361600e-05	1.592290e-04	1.783744e-04
488           	2.039938e-04	5.324648e-05	1.589382e-04	1.773014e-04
489           	2.054110e-04	5.312956e-05	1.577314e-04	1.772697e-04
490           	2.061790e-04	5.319822e-05	1.586032e-04	1.769162e-04
491           	2.043269e-04	5.317727e-05	1.575671e-04	1.773566e-04
492           	2.042259e-04	5.315246e-05	1.586122e-04	1.767622e-04
493           	2.015867e-04	5.306811e-05	1.577583e-04	1.772316e-04
494           	2.007398e-04	5.288674e-05	1.581008e-04	1.767209e-04
495           	1.994072e-04	5.306408e-05	1.571784e-04	1.778520e-04
496           	1.989866e-04	5.298062e-05	1.570931e-04	1.779387e-04
497           	1.982979e-04	5.308410e-05	1.561216e-04	1.785199e-04
498           	1.985122e-04	5.277756e-05	1.557710e-04	1.785894e-04
499           	1.989265e-04	5.268661e-05	1.550100e-04	1.784130e-04
500           	2.014577e-04	5.259006e-05	1.558678e-04	1.784497e-04
501           	1.994168e-04	5.266277e-05	1.559426e-04	1.787371e-04
502           	1.989277e-04	5.245457e-05	1.564083e-04	1.782905e-04
503           	1.985810e-04	5.266909e-05	1.569381e-04	1.787059e-04
504           	1.975693e-04	5.261397e-05	1.579653e-04	1.781618e-04
505           	1.970042e-04	5.274577e-05	1.583709e-04	1.784316e-04
506           	1.957009e-04	5.259539e-05	1.585331e-04	1.775432e-04
507           	1.952253e-04	5.240088e-05	1.580720e-04	1.772599e-04
508           	1.954206e-04	5.213431e-05	1.578703e-04	1.760831e-04
509           	1.957754e-04	5.179526e-05	1.567362e-04	1.762280e-04
510           	1.974339e-04	5.160419e-05	1.563844e-04	1.750884e-04
511           	2.000650e-04	5.143452e-05	1.556076e-04	1.753392e-04
512           	2.009202e-04	5.128521e-05	1.555815e-04	1.747416e-04
513           	2.049284e-04	5.135635e-05	1.554509e-04	1.757589e-04
514           	2.051637e-04	5.163439e-05	1.566073e-04	1.764732e-04
515           	2.061802e-04	5.171824e-05	1.561347e-04	1.774661e-04
516           	2.074650e-04	5.199901e-05	1.577699e-04	1.774766e-04
517           	2.049346e-04	5.196696e-05	1.571212e-04	1.783228e-04
518           	2.045200e-04	5.185702e-05	1.580327e-04	1.776383e-04
519           	2.017523e-04	5.173758e-05	1.568648e-04	1.776994e-04
520           	2.006897e-04	5.135044e-05	1.565797e-04	1.761504e-04
521           	1.985393e-04	5.123093e-05	1.554214e-04	1.760754e-04
522           	1.980755e-04	5.076464e-05	1.546192e-04	1.748513e-04
523           	1.982824e-04	5.062334e-05	1.539017e-04	1.747142e-04
524           	1.998592e-04	5.037111e-05	1.537705e-04	1.739487e-04
525           	1.981352e-04	5.020849e-05	1.532284e-04	1.738989e-04
526           	1.996577e-04	5.008896e-05	1.539172e-04	1.733620e-04
527           	1.987848e-04	5.025689e-05	1.542643e-04	1.743118e-04
528           	1.984530e-04	5.012267e-05	1.553835e-04	1.739638e-04
529           	1.989502e-04	5.058840e-05	1.562623e-04	1.755329e-04
530           	1.990705e-04	5.088890e-05	1.573499e-04	1.762792e-04
531           	1.988070e-04	5.123401e-05	1.579550e-04	1.775912e-04
532           	1.980129e-04	5.125333e-05	1.581401e-04	1.778891e-04
533           	1.976927e-04	5.120134e-05	1.572672e-04	1.779990e-04
534           	1.969114e-04	5.103090e-05	1.570518e-04	1.772809e-04
535           	1.968585e-04	5.082441e-05	1.559375e-04	1.770461e-04
536           	1.976062e-04	5.062237e-05	1.556695e-04	1.760828e-04
537           	2.013526e-04	5.058137e-05	1.553423e-04	1.766321e-04
538           	1.995368e-04	5.052135e-05	1.556448e-04	1.762831e-04
539           	2.015865e-04	5.044223e-05	1.549144e-04	1.765609e-04
540           	2.016914e-04	5.060421e-05	1.562537e-04	1.764489e-04
541           	2.013916e-04	5.054436e-05	1.552289e-04	1.766991e-04
542           	2.028093e-04	5.048199e-05	1.564854e-04	1.760295e-04
543           	2.008571e-04	5.033520e-05	1.555638e-04	1.765535e-04
544           	2.007891e-04	5.022002e-05	1.560614e-04	1.757760e-04
545           	1.991646e-04	5.021176e-05	1.552243e-04	1.759366e-04
546           	1.985149e-04	5.002550e-05	1.550051e-04	1.752023e-04
547           	1.982161e-04	5.000948e-05	1.540829e-04	1.754809e-04
548           	1.985505e-04	4.966968e-05	1.536212e-04	1.746781e-04
549           	1.996818e-04	4.958917e-05	1.529460e-04	1.748056e-04
550           	2.031695e-04	4.967459e-05	1.540215e-04	1.747898e-04
551           	2.012465e-04	4.977879e-05	1.542694e-04	1.757279e-04
552           	2.011244e-04	4.957517e-05	1.547255e-04	1.748806e-04
553           	2.005755e-04	4.976502e-05	1.552115e-04	1.752353e-04
554           	2.003947e-04	4.964568e-05	1.560739e-04	1.743951e-04
555           	1.992730e-04	4.986230e-05	1.565267e-04	1.746758e-04
556           	1.982147e-04	4.971587e-05	1.565594e-04	1.737470e-04
557           	1.973636e-04	4.967704e-05	1.562086e-04	1.739679e-04
558           	1.962530e-04	4.956245e-05	1.561464e-04	1.730804e-04
559           	1.953331e-04	4.934448e-05	1.551903e-04	1.729706e-04
560           	1.957168e-04	4.908990e-05	1.548142e-04	1.718033e-04
561           	1.979858e-04	4.890827e-05	1.539881e-04	1.721262e-04
562           	1.984989e-04	4.879350e-05	1.541733e-04	1.716888e-04
563           	2.027248e-04	4.908837e-05	1.541180e-04	1.735165e-04
564           	2.026613e-04	4.959169e-05	1.554916e-04	1.753958e-04
565           	2.038788e-04	4.987265e-05	1.549015e-04	1.770199e-04
566           	2.061545e-04	5.030300e-05	1.566543e-04	1.783894e-04
567           	2.033663e-04	5.038616e-05	1.558451e-04	1.791040e-04
568           	2.034125e-04	5.031684e-05	1.568009e-04	1.788415e-04
569           	1.998287e-04	5.027075e-05	1.556447e-04	1.787723e-04
570           	1.988560e-04	4.991942e-05	1.553650e-04	1.777000e-04
571           	1.965539e-04	4.981493e-05	1.543157e-04	1.772210e-04
572           	1.950254e-04	4.938232e-05	1.535373e-04	1.759645e-04
573           	1.947574e-04	4.914384e-05	1.526884e-04	1.754082e-04
574           	1.960980e-04	4.888366e-05	1.525258e-04	1.745012e-04
575           	1.954796e-04	4.870594e-05	1.519628e-04	1.744708e-04
576           	1.976941e-04	4.854308e-05	1.525484e-04	1.734179e-04
577           	1.976474e-04	4.864528e-05	1.529167e-04	1.742541e-04
578           	1.985767e-04	4.867502e-05	1.539242e-04	1.740028e-04
579           	1.989322e-04	4.900420e-05	1.548849e-04	1.744854e-04
580           	1.986773e-04	4.909055e-05	1.557497e-04	1.738466e-04
581           	1.995052e-04	4.933971e-05	1.564105e-04	1.749242e-04
582           	1.983096e-04	4.934509e-05	1.566116e-04	1.744987e-04
583           	1.986825e-04	4.929161e-05	1.561026e-04	1.748882e-04
584           	1.979073e-04	4.923099e-05	1.560790e-04	1.740932e-04
585           	1.983392e-04	4.905713e-05	1.551867e-04	1.742546e-04
586           	1.994880e-04	4.895683e-05	1.551608e-04	1.732346e-04
587           	2.030594e-04	4.904172e-05	1.549185e-04	1.742600e-04
588           	2.013956e-04	4.899516e-05	1.552415e-04	1.738755e-04
589           	2.035199e-04	4.895817e-05	1.543959e-04	1.743270e-04
590           	2.040441e-04	4.906945e-05	1.556251e-04	1.744778e-04
591           	2.038912e-04	4.910023e-05	1.547161e-04	1.749387e-04
592           	2.048873e-04	4.911153e-05	1.558862e-04	1.743120e-04
593           	2.012665e-04	4.896408e-05	1.548592e-04	1.745576e-04
594           	2.005974e-04	4.864189e-05	1.550398e-04	1.734090e-04
595           	1.979815e-04	4.849284e-05	1.539198e-04	1.735342e-04
596           	1.970141e-04	4.804865e-05	1.533449e-04	1.723650e-04
597           	1.962193e-04	4.810548e-05	1.524233e-04	1.731825e-04
598           	1.968051e-04	4.803902e-05	1.521396e-04	1.734018e-04
599           	1.978181e-04	4.827411e-05	1.517452e-04	1.745377e-04
600           	2.019452e-04	4.859253e-05	1.529772e-04	1.757785e-04
601           	1.992420e-04	4.882424e-05	1.532317e-04	1.766157e-04
602           	1.993554e-04	4.867117e-05	1.537575e-04	1.762471e-04
603           	1.989489e-04	4.899476e-05	1.542936e-04	1.763567e-04
604           	1.980467e-04	4.893203e-05	1.553285e-04	1.757844e-04
605           	1.974510e-04	4.916229e-05	1.558643e-04	1.760165e-04
606           	1.957921e-04	4.908986e-05	1.560678e-04	1.753356e-04
607           	1.954847e-04	4.907725e-05	1.559357e-04	1.754727e-04
608           	1.931558e-04	4.901228e-05	1.560196e-04	1.746306e-04
609           	1.928404e-04	4.882461e-05	1.551524e-04	1.743910e-04
610           	1.936058e-04	4.871150e-05	1.550524e-04	1.731165e-04
611           	1.964546e-04	4.855645e-05	1.543381e-04	1.735698e-04
612           	1.977936e-04	4.851650e-05	1.544361e-04	1.730657e-04
613           	2.018739e-04	4.857738e-05	1.541912e-04	1.738338e-04
614           	2.017024e-04	4.872078e-05	1.551549e-04	1.743029e-04
615           	2.035539e-04	4.871793e-05	1.543942e-04	1.751687e-04
616           	2.052450e-04	4.892274e-05	1.556363e-04	1.752605e-04
617           	2.042690e-04	4.891373e-05	1.548625e-04	1.761350e-04
618           	2.057187e-04	4.888510e-05	1.555793e-04	1.756945e-04
619           	2.022085e-04	4.881941e-05	1.546362e-04	1.762194e-04
620           	2.018087e-04	4.845555e-05	1.542362e-04	1.748107e-04
621           	1.988100e-04	4.836130e-05	1.532726e-04	1.746673e-04
622           	1.975991e-04	4.796946e-05	1.524854e-04	1.733091e-04
623           	1.973242e-04	4.783587e-05	1.517569e-04	1.731154e-04
624           	1.989190e-04	4.756430e-05	1.514290e-04	1.721469e-04
625           	1.978987e-04	4.749207e-05	1.510329e-04	1.722684e-04
626           	1.998232e-04	4.741559e-05	1.517226e-04	1.715619e-04
627           	1.984252e-04	4.765841e-05	1.522358e-04	1.722138e-04
628           	1.979670e-04	4.749929e-05	1.530522e-04	1.713790e-04
629           	1.982433e-04	4.779971e-05	1.538914e-04	1.722983e-04
630           	1.977834e-04	4.782654e-05	1.548131e-04	1.720022e-04
631           	1.986362e-04	4.822772e-05	1.557657e-04	1.737789e-04
632           	1.974356e-04	4.853869e-05	1.563611e-04	1.744791e-04
633           	1.977177e-04	4.881102e-05	1.561237e-04	1.756485e-04
634           	1.970350e-04	4.905988e-05	1.566128e-04	1.761681e-04
635           	1.966094e-04	4.907463e-05	1.559014e-04	1.764099e-04
636           	1.970690e-04	4.898553e-05	1.557410e-04	1.755742e-04
637           	1.996947e-04	4.897349e-05	1.549712e-04	1.758735e-04
638           	1.983750e-04	4.877154e-05	1.548897e-04	1.754906e-04
639           	2.006040e-04	4.864410e-05	1.540679e-04	1.756235e-04
640           	2.001751e-04	4.864388e-05	1.547986e-04	1.756639e-04
641           	2.008840e-04	4.860098e-05	1.538817e-04	1.760706e-04
642           	2.019249e-04	4.866906e-05	1.549084e-04	1.755651e-04
643           	1.998182e-04	4.854540e-05	1.540815e-04	1.759442e-04
644           	2.007443e-04	4.833794e-05	1.545025e-04	1.746788e-04
645           	1.982026e-04	4.812082e-05	1.535467e-04	1.747892e-04
646           	1.987093e-04	4.782555e-05	1.531359e-04	1.737562e-04
647           	1.973818e-04	4.782136e-05	1.523996e-04	1.738561e-04
648           	1.966163e-04	4.751185e-05	1.518385e-04	1.726648e-04
649           	1.985505e-04	4.754568e-05	1.515387e-04	1.729976e-04
650           	2.023830e-04	4.769794e-05	1.523809e-04	1.733292e-04
651           	2.009543e-04	4.792850e-05	1.528285e-04	1.743524e-04
652           	2.011445e-04	4.782184e-05	1.532617e-04	1.737628e-04
653           	2.011184e-04	4.813626e-05	1.539301e-04	1.747049e-04
654           	2.005382e-04	4.819317e-05	1.552216e-04	1.742080e-04
655           	2.005487e-04	4.847167e-05	1.559757e-04	1.747611e-04
656           	1.989313e-04	4.840903e-05	1.563029e-04	1.738658e-04
657           	1.984950e-04	4.839754e-05	1.562838e-04	1.737478e-04
658           	1.968162e-04	4.836176e-05	1.564406e-04	1.728349e-04
659           	1.957197e-04	4.823336e-05	1.555839e-04	1.727436e-04
660           	1.949720e-04	4.804229e-05	1.552760e-04	1.713907e-04
661           	1.959931e-04	4.793860e-05	1.542225e-04	1.714763e-04
662           	1.968723e-04	4.762800e-05	1.538806e-04	1.704892e-04
663           	2.001197e-04	4.762944e-05	1.535322e-04	1.714169e-04
664           	1.995926e-04	4.760100e-05	1.538544e-04	1.718924e-04
665           	2.010051e-04	4.760779e-05	1.530237e-04	1.734134e-04
666           	2.032187e-04	4.800335e-05	1.544486e-04	1.745778e-04
667           	2.026945e-04	4.832737e-05	1.540366e-04	1.763409e-04
668           	2.052086e-04	4.858178e-05	1.551693e-04	1.771985e-04
669           	2.010740e-04	4.859594e-05	1.542116e-04	1.776006e-04
670           	2.011378e-04	4.830378e-05	1.540808e-04	1.766903e-04
671           	1.978867e-04	4.832820e-05	1.531440e-04	1.764743e-04
672           	1.962947e-04	4.793850e-05	1.524045e-04	1.753941e-04
673           	1.957967e-04	4.788156e-05	1.517610e-04	1.751065e-04
674           	1.966921e-04	4.770612e-05	1.516277e-04	1.745367e-04
675           	1.961268e-04	4.769119e-05	1.512606e-04	1.746253e-04
676           	1.974465e-04	4.770220e-05	1.520663e-04	1.739849e-04
677           	1.964775e-04	4.787973e-05	1.525512e-04	1.747244e-04
678           	1.967170e-04	4.771552e-05	1.534638e-04	1.736384e-04
679           	1.978833e-04	4.790530e-05	1.542772e-04	1.741606e-04
680           	1.978717e-04	4.797296e-05	1.552371e-04	1.736603e-04
681           	1.987180e-04	4.822130e-05	1.561297e-04	1.740699e-04
682           	1.977764e-04	4.833218e-05	1.566493e-04	1.732760e-04
683           	1.991510e-04	4.847460e-05	1.563795e-04	1.740144e-04
684           	1.975041e-04	4.850701e-05	1.564156e-04	1.733602e-04
685           	1.969861e-04	4.838214e-05	1.554635e-04	1.737296e-04
686           	1.976696e-04	4.824245e-05	1.550379e-04	1.727891e-04
687           	2.004083e-04	4.821975e-05	1.543111e-04	1.736140e-04
688           	1.996863e-04	4.798432e-05	1.540812e-04	1.728365e-04
689           	2.022972e-04	4.786082e-05	1.533585e-04	1.734912e-04
690           	2.022475e-04	4.782272e-05	1.541521e-04	1.735985e-04
691           	2.028766e-04	4.774166e-05	1.533532e-04	1.740222e-04
692           	2.042635e-04	4.774237e-05	1.543311e-04	1.733834e-04
693           	2.030383e-04	4.775941e-05	1.536871e-04	1.739154e-04
694           	2.040371e-04	4.766946e-05	1.542535e-04	1.730658e-04
695           	2.000436e-04	4.766389e-05	1.534105e-04	1.734931e-04
696           	1.991622e-04	4.728080e-05	1.530149e-04	1.721814e-04
697           	1.971132e-04	4.724824e-05	1.521644e-04	1.724095e-04
698           	1.959300e-04	4.684089e-05	1.515288e-04	1.715104e-04
699           	1.968294e-04	4.694207e-05	1.513208e-04	1.723605e-04
700           	1.996952e-04	4.723614e-05	1.520661e-04	1.733111e-04
701           	1.987511e-04	4.759084e-05	1.523440e-04	1.746769e-04
702           	2.000979e-04	4.777336e-05	1.531504e-04	1.754534e-04
703           	1.994299e-04	4.817436e-05	1.538991e-04	1.762965e-04
704           	1.985399e-04	4.817695e-05	1.551878e-04	1.758449e-04
705           	1.988362e-04	4.860734e-05	1.560278e-04	1.760316e-04
706           	1.972013e-04	4.862152e-05	1.564620e-04	1.753866e-04
707           	1.972488e-04	4.875231e-05	1.566355e-04	1.754373e-04
708           	1.948357e-04	4.866452e-05	1.565111e-04	1.746475e-04
709           	1.940353e-04	4.848748e-05	1.555119e-04	1.744956e-04
710           	1.923884e-04	4.829076e-05	1.551535e-04	1.733897e-04
711           	1.920707e-04	4.800565e-05	1.539058e-04	1.731628e-04
712           	1.941338e-04	4.765344e-05	1.534698e-04	1.718499e-04
713           	1.984470e-04	4.756642e-05	1.534485e-04	1.727808e-04
714           	1.987040e-04	4.758072e-05	1.536122e-04	1.731917e-04
715           	2.002257e-04	4.747322e-05	1.528018e-04	1.739498e-04
716           	2.023105e-04	4.770734e-05	1.542375e-04	1.740113e-04
717           	2.030531e-04	4.788861e-05	1.538343e-04	1.753965e-04
718           	2.048475e-04	4.807897e-05	1.549287e-04	1.754555e-04
719           	2.034918e-04	4.813886e-05	1.542347e-04	1.761358e-04
720           	2.043753e-04	4.797789e-05	1.542836e-04	1.750956e-04
721           	2.013131e-04	4.795879e-05	1.534527e-04	1.753977e-04
722           	1.999504e-04	4.759963e-05	1.529290e-04	1.740601e-04
723           	1.989104e-04	4.750175e-05	1.520875e-04	1.738235e-04
724           	1.984261e-04	4.720046e-05	1.518929e-04	1.726875e-04
725           	1.979797e-04	4.709034e-05	1.511798e-04	1.724837e-04
726           	2.005788e-04	4.708984e-05	1.520946e-04	1.718354e-04
727           	1.993643e-04	4.735849e-05	1.525461e-04	1.727468e-04
728           	1.986316e-04	4.718495e-05	1.532112e-04	1.717054e-04
729           	1.988557e-04	4.749214e-05	1.537987e-04	1.721620e-04
730           	1.978843e-04	4.745160e-05	1.546901e-04	1.713902e-04
731           	1.982432e-04	4.761627e-05	1.552637e-04	1.719472e-04
732           	1.969664e-04	4.751168e-05	1.554419e-04	1.713615e-04
733           	1.974018e-04	4.759886e-05	1.552078e-04	1.726063e-04
734           	1.962938e-04	4.784650e-05	1.555403e-04	1.731405e-04
735           	1.957002e-04	4.795439e-05	1.547359e-04	1.741989e-04
736           	1.961537e-04	4.806328e-05	1.546584e-04	1.745682e-04
737           	1.972503e-04	4.809873e-05	1.538565e-04	1.752436e-04
738           	1.971882e-04	4.797438e-05	1.538741e-04	1.749393e-04
739           	1.997649e-04	4.806252e-05	1.534413e-04	1.756708e-04
740           	1.990275e-04	4.814010e-05	1.542766e-04	1.761349e-04
741           	1.998748e-04	4.807515e-05	1.534549e-04	1.764376e-04
742           	2.007088e-04	4.815450e-05	1.546068e-04	1.761613e-04
743           	2.006021e-04	4.815102e-05	1.540442e-04	1.764464e-04
744           	2.008917e-04	4.805112e-05	1.545834e-04	1.754520e-04
745           	1.992509e-04	4.794749e-05	1.535311e-04	1.755298e-04
746           	2.000006e-04	4.757626e-05	1.532739e-04	1.739857e-04
747           	1.976753e-04	4.742894e-05	1.524061e-04	1.740078e-04
748           	1.973008e-04	4.707695e-05	1.516817e-04	1.729932e-04
749           	1.977504e-04	4.704362e-05	1.511851e-04	1.727587e-04
750           	1.994056e-04	4.709968e-05	1.515321e-04	1.723920e-04
751           	1.992353e-04	4.722258e-05	1.515091e-04	1.732489e-04
752           	2.006879e-04	4.732535e-05	1.522903e-04	1.730050e-04
753           	2.006431e-04	4.764074e-05	1.530550e-04	1.740453e-04
754           	2.006365e-04	4.764916e-05	1.542637e-04	1.735452e-04
755           	2.013634e-04	4.801097e-05	1.552069e-04	1.741999e-04
756           	1.999784e-04	4.799444e-05	1.558956e-04	1.732876e-04
757           	2.002497e-04	4.815597e-05	1.562993e-04	1.737946e-04
758           	1.985250e-04	4.807255e-05	1.564591e-04	1.731451e-04
759           	1.978863e-04	4.798089e-05	1.557143e-04	1.731038e-04
760           	1.963410e-04	4.785895e-05	1.556138e-04	1.721705e-04
761           	1.949486e-04	4.765210e-05	1.544097e-04	1.721272e-04
762           	1.955898e-04	4.742995e-05	1.542829e-04	1.709929e-04
763           	1.979533e-04	4.748930e-05	1.537439e-04	1.719320e-04
764           	1.967251e-04	4.726835e-05	1.537397e-04	1.714348e-04
765           	1.976909e-04	4.708270e-05	1.525941e-04	1.718932e-04
766           	1.990806e-04	4.711347e-05	1.535915e-04	1.722107e-04
767           	2.001808e-04	4.721120e-05	1.529568e-04	1.738005e-04
768           	2.020914e-04	4.755860e-05	1.543789e-04	1.747103e-04
769           	2.019086e-04	4.786551e-05	1.539551e-04	1.764270e-04
770           	2.040404e-04	4.802059e-05	1.545037e-04	1.768272e-04
771           	2.012656e-04	4.812899e-05	1.535094e-04	1.771916e-04
772           	2.011146e-04	4.786954e-05	1.530879e-04	1.763016e-04
773           	1.981953e-04	4.784625e-05	1.520726e-04	1.758659e-04
774           	1.968192e-04	4.744320e-05	1.515513e-04	1.747182e-04
775           	1.970524e-04	4.740567e-05	1.509809e-04	1.745205e-04
776           	1.983906e-04	4.742947e-05	1.518953e-04	1.740963e-04
777           	1.969202e-04	4.757560e-05	1.521498e-04	1.746698e-04
778           	1.960279e-04	4.741781e-05	1.526074e-04	1.736668e-04
779           	1.966799e-04	4.767008e-05	1.531678e-04	1.740451e-04
780           	1.961718e-04	4.764688e-05	1.544303e-04	1.730864e-04
781           	1.976679e-04	4.780008e-05	1.550806e-04	1.737761e-04
782           	1.975621e-04	4.788987e-05	1.556084e-04	1.735233e-04
783           	1.985500e-04	4.798460e-05	1.557522e-04	1.740198e-04
784           	1.971806e-04	4.803561e-05	1.561028e-04	1.732786e-04
785           	1.974072e-04	4.793933e-05	1.552380e-04	1.736316e-04
786           	1.968077e-04	4.790723e-05	1.550887e-04	1.728798e-04
787           	1.980374e-04	4.779750e-05	1.542350e-04	1.734675e-04
788           	1.980016e-04	4.763176e-05	1.540880e-04	1.726899e-04
789           	2.009892e-04	4.767727e-05	1.539191e-04	1.738238e-04
790           	2.002946e-04	4.768211e-05	1.544645e-04	1.739211e-04
791           	2.010063e-04	4.762387e-05	1.536218e-04	1.744145e-04
792           	2.022293e-04	4.766702e-05	1.546418e-04	1.738959e-04
793           	2.019315e-04	4.764932e-05	1.538668e-04	1.744644e-04
794           	2.029265e-04	4.755642e-05	1.544840e-04	1.736217e-04
795           	2.021032e-04	4.754669e-05	1.536338e-04	1.738868e-04
796           	2.026757e-04	4.727333e-05	1.533822e-04	1.725487e-04
797           	2.000603e-04	4.722647e-05	1.523644e-04	1.724131e-04
798           	1.992826e-04	4.683920e-05	1.517579e-04	1.711583e-04
799           	1.981336e-04	4.669344e-05	1.509461e-04	1.711215e-04
800           	1.987129e-04	4.643861e-05	1.506658e-04	1.705506e-04
