# Force coefficients
# liftDir     : (0.000000e+00 0.000000e+00 1.000000e+00)
# dragDir     : (1.000000e+00 0.000000e+00 0.000000e+00)
# pitchAxis   : (0.000000e+00 1.000000e+00 0.000000e+00)
# magUInf     : 2.000000e+01
# lRef        : 4.200000e+01
# Aref        : 1.400000e+03
# CofR        : (0.000000e+00 0.000000e+00 0.000000e+00)
# Time        	Cm            	Cd            	Cl            	Cl(f)         	Cl(r)         
1             	6.905234e-02	4.026660e+01	2.484412e+00	1.311258e+00	1.173153e+00
2             	4.268347e-02	1.816719e+01	3.044361e+00	1.564864e+00	1.479497e+00
3             	1.013320e-02	2.370622e+00	2.149053e+00	1.084660e+00	1.064393e+00
4             	3.456378e-03	-1.840220e-01	1.384881e+00	6.958969e-01	6.889842e-01
5             	2.119225e-03	-6.733798e-01	6.138291e-01	3.090338e-01	3.047953e-01
6             	2.108614e-03	-5.593684e-01	4.316512e-01	2.179342e-01	2.137170e-01
7             	3.183727e-03	-2.690649e-02	-1.444396e-02	-4.038252e-03	-1.040571e-02
8             	2.701232e-03	8.067421e-02	-5.747466e-02	-2.603610e-02	-3.143856e-02
9             	2.766089e-03	2.166943e-01	-1.031583e-01	-4.881304e-02	-5.434522e-02
10            	2.930675e-03	3.788993e-01	-1.218574e-01	-5.799805e-02	-6.385940e-02
11            	3.166258e-03	5.316305e-01	-1.003079e-01	-4.698769e-02	-5.332021e-02
12            	3.269792e-03	6.471151e-01	-4.968016e-02	-2.157029e-02	-2.810987e-02
13            	3.298714e-03	6.898687e-01	-4.186015e-03	1.205707e-03	-5.391722e-03
14            	3.349655e-03	7.060242e-01	3.865592e-02	2.267761e-02	1.597830e-02
15            	3.366623e-03	7.066509e-01	8.112797e-02	4.393061e-02	3.719736e-02
16            	3.348559e-03	6.939200e-01	1.187858e-01	6.274146e-02	5.604435e-02
17            	3.316733e-03	6.710116e-01	1.468664e-01	7.674993e-02	7.011647e-02
18            	3.267012e-03	6.409006e-01	1.610838e-01	8.380891e-02	7.727489e-02
19            	3.212157e-03	6.090139e-01	1.588099e-01	8.261713e-02	7.619281e-02
20            	3.160400e-03	5.812626e-01	1.406817e-01	7.350126e-02	6.718046e-02
21            	3.123364e-03	5.632992e-01	1.156318e-01	6.093928e-02	5.469255e-02
22            	3.103867e-03	5.548381e-01	9.285961e-02	4.953367e-02	4.332594e-02
23            	3.093891e-03	5.522113e-01	7.474153e-02	4.046465e-02	3.427687e-02
24            	3.087899e-03	5.528473e-01	6.193465e-02	3.405522e-02	2.787943e-02
25            	3.084823e-03	5.549234e-01	5.306190e-02	2.961577e-02	2.344613e-02
26            	3.082879e-03	5.575196e-01	4.740559e-02	2.678567e-02	2.061991e-02
27            	3.081059e-03	5.600487e-01	4.429306e-02	2.522759e-02	1.906547e-02
28            	3.077744e-03	5.622379e-01	4.330486e-02	2.473018e-02	1.857469e-02
29            	3.073479e-03	5.637140e-01	4.392592e-02	2.503644e-02	1.888948e-02
30            	3.068459e-03	5.644117e-01	4.576257e-02	2.594975e-02	1.981283e-02
31            	3.063189e-03	5.642803e-01	4.841089e-02	2.726863e-02	2.114225e-02
32            	3.057059e-03	5.633973e-01	5.132191e-02	2.871801e-02	2.260390e-02
33            	3.050890e-03	5.619057e-01	5.404448e-02	3.007313e-02	2.397135e-02
34            	3.044465e-03	5.600106e-01	5.622688e-02	3.115790e-02	2.506898e-02
35            	3.038250e-03	5.577848e-01	5.772704e-02	3.190177e-02	2.582527e-02
36            	3.031540e-03	5.552872e-01	5.835769e-02	3.221039e-02	2.614730e-02
37            	3.025058e-03	5.525601e-01	5.792273e-02	3.198642e-02	2.593631e-02
38            	3.017997e-03	5.497889e-01	5.615425e-02	3.109512e-02	2.505913e-02
39            	3.011912e-03	5.473813e-01	5.336933e-02	2.969658e-02	2.367275e-02
40            	3.006746e-03	5.456299e-01	5.030450e-02	2.815900e-02	2.214550e-02
41            	3.003111e-03	5.444673e-01	4.769851e-02	2.685237e-02	2.084614e-02
42            	2.999718e-03	5.436558e-01	4.564448e-02	2.582196e-02	1.982252e-02
43            	2.996932e-03	5.430076e-01	4.417234e-02	2.508310e-02	1.908924e-02
44            	2.993778e-03	5.423769e-01	4.307778e-02	2.453267e-02	1.854511e-02
45            	2.991129e-03	5.417005e-01	4.231925e-02	2.415075e-02	1.816850e-02
46            	2.987885e-03	5.409308e-01	4.174859e-02	2.386218e-02	1.788641e-02
47            	2.984996e-03	5.400561e-01	4.133624e-02	2.365312e-02	1.768313e-02
48            	2.981431e-03	5.390685e-01	4.095451e-02	2.345869e-02	1.749583e-02
49            	2.978482e-03	5.380054e-01	4.056789e-02	2.326243e-02	1.730546e-02
50            	2.974786e-03	5.369048e-01	4.009757e-02	2.302357e-02	1.707400e-02
51            	2.971731e-03	5.358420e-01	3.955042e-02	2.274694e-02	1.680348e-02
52            	2.968516e-03	5.348415e-01	3.890578e-02	2.242141e-02	1.648437e-02
53            	2.965787e-03	5.339438e-01	3.822918e-02	2.208038e-02	1.614880e-02
54            	2.963051e-03	5.331310e-01	3.753016e-02	2.172813e-02	1.580203e-02
55            	2.960756e-03	5.323912e-01	3.687280e-02	2.139716e-02	1.547564e-02
56            	2.958021e-03	5.316947e-01	3.624141e-02	2.107872e-02	1.516268e-02
57            	2.956054e-03	5.310197e-01	3.567242e-02	2.079227e-02	1.488016e-02
58            	2.953264e-03	5.303524e-01	3.513141e-02	2.051897e-02	1.461244e-02
59            	2.951265e-03	5.296883e-01	3.464328e-02	2.027291e-02	1.437038e-02
60            	2.948617e-03	5.290402e-01	3.418087e-02	2.003905e-02	1.414182e-02
61            	2.946793e-03	5.284099e-01	3.376258e-02	1.982808e-02	1.393450e-02
62            	2.944286e-03	5.277852e-01	3.333282e-02	1.961070e-02	1.372212e-02
63            	2.942502e-03	5.271745e-01	3.291767e-02	1.940134e-02	1.351634e-02
64            	2.940157e-03	5.265841e-01	3.248681e-02	1.918356e-02	1.330325e-02
65            	2.938660e-03	5.260191e-01	3.207621e-02	1.897676e-02	1.309944e-02
66            	2.936408e-03	5.254824e-01	3.166021e-02	1.876651e-02	1.289370e-02
67            	2.935091e-03	5.249627e-01	3.127052e-02	1.857035e-02	1.270017e-02
68            	2.932878e-03	5.244682e-01	3.087898e-02	1.837237e-02	1.250661e-02
69            	2.931753e-03	5.239769e-01	3.051392e-02	1.818871e-02	1.232521e-02
70            	2.929682e-03	5.235143e-01	3.015355e-02	1.800646e-02	1.214709e-02
71            	2.928690e-03	5.230735e-01	2.981484e-02	1.783611e-02	1.197873e-02
72            	2.926858e-03	5.226701e-01	2.947909e-02	1.766640e-02	1.181269e-02
73            	2.926125e-03	5.222678e-01	2.916305e-02	1.750765e-02	1.165540e-02
74            	2.924300e-03	5.218858e-01	2.884532e-02	1.734696e-02	1.149836e-02
75            	2.923463e-03	5.214987e-01	2.854601e-02	1.719647e-02	1.134954e-02
76            	2.921709e-03	5.211316e-01	2.824500e-02	1.704421e-02	1.120079e-02
77            	2.920927e-03	5.207611e-01	2.796170e-02	1.690178e-02	1.105992e-02
78            	2.919278e-03	5.204106e-01	2.767609e-02	1.675732e-02	1.091877e-02
79            	2.918493e-03	5.200590e-01	2.740772e-02	1.662235e-02	1.078537e-02
80            	2.916887e-03	5.197266e-01	2.713648e-02	1.648513e-02	1.065136e-02
81            	2.916275e-03	5.193935e-01	2.688125e-02	1.635690e-02	1.052435e-02
82            	2.914739e-03	5.190803e-01	2.662267e-02	1.622608e-02	1.039660e-02
83            	2.914087e-03	5.187653e-01	2.637969e-02	1.610393e-02	1.027576e-02
84            	2.912642e-03	5.184704e-01	2.613264e-02	1.597896e-02	1.015368e-02
85            	2.912091e-03	5.181726e-01	2.590118e-02	1.586268e-02	1.003850e-02
86            	2.910731e-03	5.178953e-01	2.566480e-02	1.574313e-02	9.921671e-03
87            	2.910134e-03	5.176135e-01	2.544358e-02	1.563192e-02	9.811657e-03
88            	2.908174e-03	5.170736e-01	2.488132e-02	1.534883e-02	9.532484e-03
89            	2.907866e-03	5.169018e-01	2.478042e-02	1.529808e-02	9.482344e-03
90            	2.906837e-03	5.167419e-01	2.466034e-02	1.523701e-02	9.423333e-03
91            	2.906359e-03	5.165090e-01	2.452522e-02	1.516897e-02	9.356254e-03
92            	2.905542e-03	5.164173e-01	2.444523e-02	1.512816e-02	9.317074e-03
93            	2.904630e-03	5.159738e-01	2.406820e-02	1.493873e-02	9.129469e-03
94            	2.903601e-03	5.157552e-01	2.383518e-02	1.482119e-02	9.013990e-03
95            	2.903068e-03	5.155673e-01	2.370323e-02	1.475468e-02	8.948546e-03
96            	2.902141e-03	5.153726e-01	2.352135e-02	1.466282e-02	8.858534e-03
97            	2.901694e-03	5.151402e-01	2.334051e-02	1.457195e-02	8.768561e-03
98            	2.900762e-03	5.149513e-01	2.315223e-02	1.447688e-02	8.675354e-03
99            	2.900256e-03	5.147353e-01	2.298395e-02	1.439223e-02	8.591720e-03
100           	2.899383e-03	5.145462e-01	2.279188e-02	1.429533e-02	8.496559e-03
101           	2.898897e-03	5.143464e-01	2.263850e-02	1.421814e-02	8.420351e-03
102           	2.898154e-03	5.141717e-01	2.246028e-02	1.412829e-02	8.331986e-03
103           	2.897591e-03	5.139801e-01	2.231591e-02	1.405555e-02	8.260365e-03
104           	2.896901e-03	5.138152e-01	2.214484e-02	1.396932e-02	8.175520e-03
105           	2.896349e-03	5.136320e-01	2.200688e-02	1.389979e-02	8.107093e-03
106           	2.895781e-03	5.134770e-01	2.184177e-02	1.381667e-02	8.025106e-03
107           	2.895168e-03	5.133016e-01	2.170988e-02	1.375011e-02	7.959774e-03
108           	2.894627e-03	5.131560e-01	2.155065e-02	1.366995e-02	7.880698e-03
109           	2.894116e-03	5.129887e-01	2.142421e-02	1.360622e-02	7.817992e-03
110           	2.893630e-03	5.128517e-01	2.127037e-02	1.352881e-02	7.741555e-03
111           	2.893014e-03	5.126918e-01	2.114911e-02	1.346757e-02	7.681539e-03
112           	2.892590e-03	5.125625e-01	2.100040e-02	1.339279e-02	7.607608e-03
113           	2.892096e-03	5.124106e-01	2.088378e-02	1.333398e-02	7.549793e-03
114           	2.891706e-03	5.122886e-01	2.073965e-02	1.326153e-02	7.478118e-03
115           	2.891167e-03	5.121439e-01	2.062747e-02	1.320490e-02	7.422565e-03
116           	2.890761e-03	5.120287e-01	2.048766e-02	1.313459e-02	7.353067e-03
117           	2.890280e-03	5.118911e-01	2.037976e-02	1.308016e-02	7.299600e-03
118           	2.889960e-03	5.117823e-01	2.024390e-02	1.301191e-02	7.231988e-03
119           	2.889433e-03	5.116509e-01	2.014027e-02	1.295957e-02	7.180704e-03
120           	2.889097e-03	5.115481e-01	2.000835e-02	1.289327e-02	7.115076e-03
121           	2.888705e-03	5.114217e-01	1.990900e-02	1.284321e-02	7.065795e-03
122           	2.888341e-03	5.113249e-01	1.978056e-02	1.277862e-02	7.001940e-03
123           	2.887938e-03	5.112035e-01	1.968525e-02	1.273057e-02	6.954689e-03
124           	2.887589e-03	5.111121e-01	1.956006e-02	1.266762e-02	6.892442e-03
125           	2.887186e-03	5.109958e-01	1.946865e-02	1.262151e-02	6.847138e-03
126           	2.886935e-03	5.109102e-01	1.934592e-02	1.255990e-02	6.786026e-03
127           	2.886451e-03	5.107986e-01	1.925828e-02	1.251559e-02	6.742687e-03
128           	2.886210e-03	5.107181e-01	1.913777e-02	1.245509e-02	6.682673e-03
129           	2.885805e-03	5.106113e-01	1.905380e-02	1.241270e-02	6.641095e-03
130           	2.885654e-03	5.105365e-01	1.893502e-02	1.235316e-02	6.581854e-03
131           	2.885122e-03	5.104333e-01	1.885461e-02	1.231243e-02	6.542182e-03
132           	2.885063e-03	5.103638e-01	1.873781e-02	1.225397e-02	6.483842e-03
133           	2.884587e-03	5.102644e-01	1.866065e-02	1.221491e-02	6.445739e-03
134           	2.884561e-03	5.101995e-01	1.854610e-02	1.215761e-02	6.388489e-03
135           	2.884000e-03	5.101029e-01	1.847206e-02	1.212003e-02	6.352030e-03
136           	2.883979e-03	5.100422e-01	1.836021e-02	1.206409e-02	6.296129e-03
137           	2.883466e-03	5.099498e-01	1.828872e-02	1.202783e-02	6.260895e-03
138           	2.883501e-03	5.098935e-01	1.817907e-02	1.197304e-02	6.206035e-03
139           	2.882978e-03	5.098044e-01	1.810991e-02	1.193794e-02	6.171979e-03
140           	2.882970e-03	5.097521e-01	1.800249e-02	1.188422e-02	6.118277e-03
141           	2.882513e-03	5.096663e-01	1.793553e-02	1.185028e-02	6.085251e-03
142           	2.882556e-03	5.096185e-01	1.782995e-02	1.179753e-02	6.032419e-03
143           	2.881963e-03	5.095351e-01	1.776512e-02	1.176452e-02	6.000599e-03
144           	2.882074e-03	5.094916e-01	1.766155e-02	1.171285e-02	5.948701e-03
145           	2.881641e-03	5.094112e-01	1.759860e-02	1.168094e-02	5.917660e-03
146           	2.881670e-03	5.093719e-01	1.749652e-02	1.162993e-02	5.866590e-03
147           	2.881187e-03	5.092937e-01	1.743551e-02	1.159894e-02	5.836566e-03
148           	2.881263e-03	5.092583e-01	1.733501e-02	1.154877e-02	5.786244e-03
149           	2.880806e-03	5.091826e-01	1.727593e-02	1.151877e-02	5.757159e-03
150           	2.880889e-03	5.091507e-01	1.717677e-02	1.146928e-02	5.707497e-03
151           	2.880457e-03	5.090774e-01	1.711956e-02	1.144024e-02	5.679321e-03
152           	2.880510e-03	5.090487e-01	1.702172e-02	1.139137e-02	5.630348e-03
153           	2.880120e-03	5.089777e-01	1.696623e-02	1.136324e-02	5.602996e-03
154           	2.880283e-03	5.089530e-01	1.686943e-02	1.131500e-02	5.554430e-03
155           	2.879722e-03	5.088835e-01	1.681520e-02	1.128732e-02	5.527878e-03
156           	2.879950e-03	5.088619e-01	1.671964e-02	1.123977e-02	5.479870e-03
157           	2.879473e-03	5.087956e-01	1.666632e-02	1.121263e-02	5.453689e-03
158           	2.879727e-03	5.087755e-01	1.657185e-02	1.116565e-02	5.406196e-03
159           	2.879164e-03	5.087131e-01	1.651957e-02	1.113895e-02	5.380623e-03
160           	2.879408e-03	5.086932e-01	1.642676e-02	1.109279e-02	5.333974e-03
161           	2.878980e-03	5.086363e-01	1.637536e-02	1.106666e-02	5.308698e-03
162           	2.879198e-03	5.086163e-01	1.628409e-02	1.102124e-02	5.262847e-03
163           	2.878710e-03	5.085629e-01	1.623355e-02	1.099549e-02	5.238067e-03
164           	2.878992e-03	5.085443e-01	1.614376e-02	1.095087e-02	5.192890e-03
165           	2.878471e-03	5.084938e-01	1.609387e-02	1.092541e-02	5.168466e-03
166           	2.878836e-03	5.084775e-01	1.600531e-02	1.088149e-02	5.123819e-03
167           	2.878266e-03	5.084277e-01	1.595642e-02	1.085648e-02	5.099945e-03
168           	2.878571e-03	5.084146e-01	1.586921e-02	1.081318e-02	5.056032e-03
169           	2.878130e-03	5.083657e-01	1.582130e-02	1.078878e-02	5.032519e-03
170           	2.878377e-03	5.083554e-01	1.573520e-02	1.074598e-02	4.989222e-03
171           	2.877947e-03	5.083076e-01	1.568815e-02	1.072202e-02	4.966126e-03
172           	2.878181e-03	5.082989e-01	1.560346e-02	1.067991e-02	4.923550e-03
173           	2.877760e-03	5.082537e-01	1.555760e-02	1.065656e-02	4.901039e-03
174           	2.878105e-03	5.082468e-01	1.547388e-02	1.061504e-02	4.858834e-03
175           	2.877565e-03	5.082026e-01	1.542911e-02	1.059212e-02	4.836989e-03
176           	2.877856e-03	5.081958e-01	1.534691e-02	1.055131e-02	4.795598e-03
177           	2.877441e-03	5.081531e-01	1.530318e-02	1.052903e-02	4.774150e-03
178           	2.877742e-03	5.081473e-01	1.522251e-02	1.048900e-02	4.733512e-03
179           	2.877189e-03	5.081047e-01	1.517945e-02	1.046692e-02	4.712537e-03
180           	2.877550e-03	5.081016e-01	1.510076e-02	1.042793e-02	4.672829e-03
181           	2.877065e-03	5.080597e-01	1.505818e-02	1.040615e-02	4.652023e-03
182           	2.877442e-03	5.080586e-01	1.498123e-02	1.036805e-02	4.613171e-03
183           	2.876883e-03	5.080169e-01	1.493931e-02	1.034654e-02	4.592773e-03
184           	2.877289e-03	5.080174e-01	1.486413e-02	1.030936e-02	4.554778e-03
185           	2.876739e-03	5.079766e-01	1.482302e-02	1.028825e-02	4.534771e-03
186           	2.877181e-03	5.079784e-01	1.474929e-02	1.025183e-02	4.497465e-03
187           	2.876637e-03	5.079382e-01	1.470909e-02	1.023118e-02	4.477906e-03
188           	2.877012e-03	5.079411e-01	1.463705e-02	1.019554e-02	4.441513e-03
189           	2.876532e-03	5.079019e-01	1.459772e-02	1.017539e-02	4.422329e-03
190           	2.876938e-03	5.079060e-01	1.452712e-02	1.014050e-02	4.386623e-03
191           	2.876339e-03	5.078673e-01	1.448873e-02	1.012071e-02	4.368028e-03
192           	2.876765e-03	5.078724e-01	1.441995e-02	1.008674e-02	4.333209e-03
193           	2.876331e-03	5.078344e-01	1.437881e-02	1.006574e-02	4.313076e-03
194           	2.876721e-03	5.078397e-01	1.430981e-02	1.003162e-02	4.278182e-03
195           	2.876209e-03	5.078026e-01	1.427167e-02	1.001205e-02	4.259628e-03
196           	2.876607e-03	5.078094e-01	1.420604e-02	9.979625e-03	4.226411e-03
197           	2.876080e-03	5.077739e-01	1.416997e-02	9.961064e-03	4.208903e-03
198           	2.876548e-03	5.077789e-01	1.410483e-02	9.928964e-03	4.175868e-03
199           	2.876034e-03	5.077421e-01	1.406528e-02	9.908672e-03	4.156603e-03
200           	2.876414e-03	5.077487e-01	1.400197e-02	9.877401e-03	4.124573e-03
201           	2.875961e-03	5.077146e-01	1.396594e-02	9.858930e-03	4.107009e-03
202           	2.876363e-03	5.077236e-01	1.390611e-02	9.829417e-03	4.076690e-03
203           	2.875870e-03	5.076952e-01	1.387715e-02	9.814443e-03	4.062703e-03
204           	2.876307e-03	5.077072e-01	1.382604e-02	9.789327e-03	4.036712e-03
205           	2.875874e-03	5.076803e-01	1.379812e-02	9.774933e-03	4.023184e-03
206           	2.876315e-03	5.076904e-01	1.374383e-02	9.748230e-03	3.995599e-03
207           	2.875746e-03	5.076621e-01	1.371349e-02	9.732491e-03	3.980999e-03
208           	2.876215e-03	5.076700e-01	1.365929e-02	9.705859e-03	3.953430e-03
209           	2.875771e-03	5.076405e-01	1.362909e-02	9.690318e-03	3.938776e-03
210           	2.876093e-03	5.076469e-01	1.357851e-02	9.665349e-03	3.913162e-03
211           	2.875666e-03	5.076164e-01	1.355001e-02	9.650669e-03	3.899338e-03
212           	2.875831e-03	5.076217e-01	1.350416e-02	9.627911e-03	3.876249e-03
213           	2.875518e-03	5.075911e-01	1.347705e-02	9.614040e-03	3.863005e-03
214           	2.875707e-03	5.075949e-01	1.343560e-02	9.593509e-03	3.842095e-03
215           	2.875269e-03	5.075638e-01	1.340942e-02	9.579977e-03	3.829439e-03
216           	2.875589e-03	5.075696e-01	1.337052e-02	9.560850e-03	3.809672e-03
217           	2.875217e-03	5.075427e-01	1.334376e-02	9.547095e-03	3.796661e-03
218           	2.875612e-03	5.075518e-01	1.330438e-02	9.527801e-03	3.776578e-03
219           	2.875265e-03	5.075289e-01	1.327754e-02	9.514034e-03	3.763504e-03
220           	2.875587e-03	5.075379e-01	1.323828e-02	9.494728e-03	3.743554e-03
221           	2.875258e-03	5.075155e-01	1.321307e-02	9.481792e-03	3.731277e-03
222           	2.875637e-03	5.075234e-01	1.317468e-02	9.462977e-03	3.711702e-03
223           	2.875131e-03	5.075007e-01	1.315012e-02	9.450188e-03	3.699927e-03
224           	2.875537e-03	5.075091e-01	1.311317e-02	9.432124e-03	3.681050e-03
225           	2.875075e-03	5.074889e-01	1.308781e-02	9.418978e-03	3.668828e-03
226           	2.875570e-03	5.074987e-01	1.305233e-02	9.401734e-03	3.650594e-03
227           	2.874926e-03	5.074787e-01	1.302600e-02	9.387928e-03	3.638076e-03
228           	2.875492e-03	5.074899e-01	1.299238e-02	9.371681e-03	3.620697e-03
229           	2.874999e-03	5.074714e-01	1.296625e-02	9.358122e-03	3.608125e-03
230           	2.875474e-03	5.074835e-01	1.293338e-02	9.342166e-03	3.591218e-03
231           	2.874926e-03	5.074646e-01	1.290832e-02	9.329088e-03	3.579236e-03
232           	2.875532e-03	5.074763e-01	1.287677e-02	9.313917e-03	3.562854e-03
233           	2.874918e-03	5.074571e-01	1.285319e-02	9.301511e-03	3.551674e-03
234           	2.875538e-03	5.074665e-01	1.282367e-02	9.287373e-03	3.536297e-03
235           	2.874841e-03	5.074438e-01	1.280256e-02	9.276118e-03	3.526437e-03
236           	2.875385e-03	5.074510e-01	1.277551e-02	9.263142e-03	3.512371e-03
237           	2.874803e-03	5.074278e-01	1.275635e-02	9.252978e-03	3.503373e-03
238           	2.875397e-03	5.074353e-01	1.273041e-02	9.240601e-03	3.489807e-03
239           	2.874730e-03	5.074244e-01	1.272804e-02	9.238751e-03	3.489291e-03
240           	2.875325e-03	5.074237e-01	1.267636e-02	9.213503e-03	3.462853e-03
241           	2.874733e-03	5.074127e-01	1.267513e-02	9.212297e-03	3.462830e-03
242           	2.875338e-03	5.074115e-01	1.263671e-02	9.193694e-03	3.443018e-03
243           	2.874646e-03	5.074009e-01	1.263443e-02	9.191863e-03	3.442571e-03
244           	2.875256e-03	5.073993e-01	1.259264e-02	9.171575e-03	3.421062e-03
245           	2.874724e-03	5.073896e-01	1.259066e-02	9.170054e-03	3.420605e-03
246           	2.875288e-03	5.073925e-01	1.255475e-02	9.152665e-03	3.402088e-03
247           	2.874652e-03	5.073830e-01	1.255230e-02	9.150802e-03	3.401498e-03
248           	2.875200e-03	5.073831e-01	1.251175e-02	9.131077e-03	3.380677e-03
249           	2.874643e-03	5.073740e-01	1.250975e-02	9.129520e-03	3.380233e-03
250           	2.875293e-03	5.073767e-01	1.247824e-02	9.114414e-03	3.363828e-03
251           	2.874615e-03	5.073677e-01	1.247587e-02	9.112548e-03	3.363319e-03
252           	2.875218e-03	5.073696e-01	1.243981e-02	9.095123e-03	3.344687e-03
253           	2.874624e-03	5.073609e-01	1.243790e-02	9.093576e-03	3.344328e-03
254           	2.875246e-03	5.073651e-01	1.243108e-02	9.090787e-03	3.340295e-03
255           	2.874549e-03	5.073465e-01	1.238922e-02	9.069159e-03	3.320062e-03
256           	2.875184e-03	5.073536e-01	1.238407e-02	9.067219e-03	3.316852e-03
257           	2.874616e-03	5.073483e-01	1.238008e-02	9.064656e-03	3.315424e-03
258           	2.875226e-03	5.073580e-01	1.233971e-02	9.045079e-03	3.294627e-03
259           	2.874558e-03	5.073494e-01	1.233787e-02	9.043491e-03	3.294376e-03
260           	2.875160e-03	5.073529e-01	1.233239e-02	9.041356e-03	3.291037e-03
261           	2.874516e-03	5.073340e-01	1.230130e-02	9.025167e-03	3.276134e-03
262           	2.875217e-03	5.073407e-01	1.229656e-02	9.023496e-03	3.273062e-03
263           	2.874528e-03	5.073346e-01	1.229341e-02	9.021230e-03	3.272175e-03
264           	2.875143e-03	5.073431e-01	1.226007e-02	9.005179e-03	3.254894e-03
265           	2.874542e-03	5.073348e-01	1.225881e-02	9.003945e-03	3.254861e-03
266           	2.875159e-03	5.073383e-01	1.225379e-02	9.002054e-03	3.251735e-03
267           	2.874460e-03	5.073202e-01	1.222749e-02	8.988205e-03	3.239286e-03
268           	2.875114e-03	5.073268e-01	1.222303e-02	8.986628e-03	3.236401e-03
269           	2.874454e-03	5.073209e-01	1.222050e-02	8.984702e-03	3.235795e-03
270           	2.875101e-03	5.073271e-01	1.221376e-02	8.981980e-03	3.231778e-03
271           	2.874491e-03	5.073143e-01	1.217786e-02	8.963422e-03	3.214440e-03
272           	2.875013e-03	5.073208e-01	1.217405e-02	8.962037e-03	3.212010e-03
273           	2.874477e-03	5.073153e-01	1.217311e-02	8.961031e-03	3.212076e-03
274           	2.875080e-03	5.073211e-01	1.216852e-02	8.959338e-03	3.209178e-03
275           	2.874679e-03	5.073142e-01	1.216593e-02	8.957646e-03	3.208288e-03
276           	2.875036e-03	5.073221e-01	1.213592e-02	8.942997e-03	3.192924e-03
277           	2.874556e-03	5.073127e-01	1.213648e-02	8.942795e-03	3.193682e-03
278           	2.874941e-03	5.073167e-01	1.213267e-02	8.941278e-03	3.191396e-03
279           	2.874543e-03	5.073072e-01	1.213266e-02	8.940873e-03	3.191786e-03
280           	2.874934e-03	5.073103e-01	1.212772e-02	8.938793e-03	3.188925e-03
281           	2.874506e-03	5.073007e-01	1.212476e-02	8.936885e-03	3.187874e-03
282           	2.874876e-03	5.073041e-01	1.211712e-02	8.933438e-03	3.183685e-03
283           	2.874513e-03	5.072837e-01	1.207948e-02	8.914255e-03	3.165228e-03
284           	2.874841e-03	5.072907e-01	1.207493e-02	8.912304e-03	3.162622e-03
285           	2.874447e-03	5.072852e-01	1.207481e-02	8.911852e-03	3.162958e-03
286           	2.874383e-03	5.072914e-01	1.207099e-02	8.909879e-03	3.161113e-03
287           	2.874383e-03	5.072866e-01	1.207010e-02	8.909433e-03	3.160666e-03
288           	2.874551e-03	5.072905e-01	1.206686e-02	8.907982e-03	3.158881e-03
289           	2.874741e-03	5.072847e-01	1.206389e-02	8.906686e-03	3.157203e-03
290           	2.874507e-03	5.072883e-01	1.205869e-02	8.903851e-03	3.154837e-03
291           	2.874725e-03	5.072805e-01	1.205440e-02	8.901924e-03	3.152475e-03
292           	2.874418e-03	5.072839e-01	1.204732e-02	8.898079e-03	3.149243e-03
293           	2.874696e-03	5.072760e-01	1.204238e-02	8.895886e-03	3.146494e-03
294           	2.874365e-03	5.072791e-01	1.203463e-02	8.891678e-03	3.142948e-03
295           	2.874703e-03	5.072713e-01	1.202934e-02	8.889374e-03	3.139968e-03
296           	2.874334e-03	5.072749e-01	1.202164e-02	8.885152e-03	3.136484e-03
297           	2.874767e-03	5.072676e-01	1.201655e-02	8.883041e-03	3.133506e-03
298           	2.874372e-03	5.072714e-01	1.200955e-02	8.879145e-03	3.130402e-03
299           	2.874806e-03	5.072645e-01	1.200472e-02	8.877165e-03	3.127553e-03
300           	2.874250e-03	5.072683e-01	1.199792e-02	8.873207e-03	3.124708e-03
301           	2.874791e-03	5.072617e-01	1.199367e-02	8.871628e-03	3.122047e-03
302           	2.874288e-03	5.072661e-01	1.198777e-02	8.868170e-03	3.119595e-03
303           	2.874834e-03	5.072593e-01	1.198404e-02	8.866856e-03	3.117187e-03
304           	2.874350e-03	5.072644e-01	1.197828e-02	8.863491e-03	3.114790e-03
305           	2.874729e-03	5.072565e-01	1.197562e-02	8.862539e-03	3.113082e-03
306           	2.874213e-03	5.072618e-01	1.197046e-02	8.859442e-03	3.111016e-03
307           	2.874909e-03	5.072546e-01	1.196800e-02	8.858911e-03	3.109094e-03
308           	2.874235e-03	5.072604e-01	1.196268e-02	8.855577e-03	3.107106e-03
309           	2.874801e-03	5.072529e-01	1.196073e-02	8.855164e-03	3.105563e-03
310           	2.874258e-03	5.072598e-01	1.195521e-02	8.851861e-03	3.103345e-03
311           	2.874894e-03	5.072522e-01	1.195371e-02	8.851749e-03	3.101961e-03
312           	2.874149e-03	5.072601e-01	1.194762e-02	8.847961e-03	3.099663e-03
313           	2.874806e-03	5.072522e-01	1.194615e-02	8.847883e-03	3.098270e-03
314           	2.874124e-03	5.072608e-01	1.194018e-02	8.844214e-03	3.095965e-03
315           	2.874844e-03	5.072523e-01	1.193910e-02	8.844391e-03	3.094704e-03
316           	2.874041e-03	5.072602e-01	1.193358e-02	8.840830e-03	3.092748e-03
317           	2.874872e-03	5.072518e-01	1.193327e-02	8.841505e-03	3.091761e-03
318           	2.873961e-03	5.072575e-01	1.192936e-02	8.838642e-03	3.090721e-03
319           	2.874780e-03	5.072479e-01	1.193009e-02	8.839826e-03	3.090266e-03
320           	2.873872e-03	5.072513e-01	1.192758e-02	8.837664e-03	3.089920e-03
321           	2.874743e-03	5.072400e-01	1.192942e-02	8.839451e-03	3.089966e-03
322           	2.873845e-03	5.072416e-01	1.192806e-02	8.837873e-03	3.090184e-03
323           	2.874715e-03	5.072288e-01	1.193066e-02	8.840044e-03	3.090614e-03
324           	2.873703e-03	5.072291e-01	1.192992e-02	8.838663e-03	3.091257e-03
325           	2.874670e-03	5.072168e-01	1.193266e-02	8.841001e-03	3.091661e-03
326           	2.873751e-03	5.072181e-01	1.193130e-02	8.839398e-03	3.091897e-03
327           	2.874648e-03	5.072061e-01	1.193441e-02	8.841855e-03	3.092558e-03
328           	2.873766e-03	5.072088e-01	1.193250e-02	8.840015e-03	3.092483e-03
329           	2.874639e-03	5.071979e-01	1.193518e-02	8.842232e-03	3.092953e-03
330           	2.873698e-03	5.072024e-01	1.193224e-02	8.839816e-03	3.092421e-03
331           	2.874668e-03	5.071931e-01	1.193453e-02	8.841932e-03	3.092595e-03
332           	2.873654e-03	5.071990e-01	1.193059e-02	8.838947e-03	3.091640e-03
333           	2.874625e-03	5.071917e-01	1.193236e-02	8.840803e-03	3.091553e-03
334           	2.873676e-03	5.071971e-01	1.192861e-02	8.837983e-03	3.090630e-03
335           	2.874604e-03	5.071910e-01	1.192979e-02	8.839496e-03	3.090289e-03
336           	2.873585e-03	5.071953e-01	1.192646e-02	8.836814e-03	3.089644e-03
337           	2.874439e-03	5.071889e-01	1.192799e-02	8.838433e-03	3.089556e-03
338           	2.873504e-03	5.071916e-01	1.192506e-02	8.836037e-03	3.089028e-03
339           	2.874374e-03	5.071833e-01	1.192786e-02	8.838305e-03	3.089557e-03
340           	2.873438e-03	5.071841e-01	1.192598e-02	8.836427e-03	3.089551e-03
341           	2.874384e-03	5.071753e-01	1.192861e-02	8.838691e-03	3.089923e-03
342           	2.873324e-03	5.071753e-01	1.192703e-02	8.836837e-03	3.090189e-03
343           	2.874317e-03	5.071668e-01	1.193016e-02	8.839396e-03	3.090762e-03
344           	2.873302e-03	5.071670e-01	1.192899e-02	8.837796e-03	3.091191e-03
345           	2.874396e-03	5.071580e-01	1.193315e-02	8.840972e-03	3.092179e-03
346           	2.873267e-03	5.071577e-01	1.193278e-02	8.839660e-03	3.093125e-03
347           	2.874252e-03	5.071483e-01	1.193743e-02	8.842967e-03	3.094464e-03
348           	2.873203e-03	5.071484e-01	1.193717e-02	8.841789e-03	3.095383e-03
349           	2.874223e-03	5.071394e-01	1.194156e-02	8.845005e-03	3.096558e-03
350           	2.873190e-03	5.071407e-01	1.194064e-02	8.843510e-03	3.097131e-03
351           	2.874183e-03	5.071322e-01	1.194490e-02	8.846633e-03	3.098266e-03
352           	2.873173e-03	5.071343e-01	1.194353e-02	8.844938e-03	3.098592e-03
353           	2.874112e-03	5.071265e-01	1.194699e-02	8.847609e-03	3.099384e-03
354           	2.872934e-03	5.071287e-01	1.194524e-02	8.845554e-03	3.099686e-03
355           	2.874197e-03	5.071223e-01	1.194822e-02	8.848305e-03	3.099911e-03
356           	2.872885e-03	5.071243e-01	1.194603e-02	8.845902e-03	3.100132e-03
357           	2.874148e-03	5.071181e-01	1.194896e-02	8.848631e-03	3.100334e-03
358           	2.872854e-03	5.071206e-01	1.194640e-02	8.846052e-03	3.100344e-03
359           	2.874154e-03	5.071148e-01	1.194878e-02	8.848544e-03	3.100236e-03
360           	2.872819e-03	5.071176e-01	1.194598e-02	8.845809e-03	3.100171e-03
361           	2.874137e-03	5.071126e-01	1.194798e-02	8.848125e-03	3.099851e-03
362           	2.872833e-03	5.071163e-01	1.194463e-02	8.845146e-03	3.099481e-03
363           	2.874150e-03	5.071114e-01	1.194673e-02	8.847513e-03	3.099213e-03
364           	2.872845e-03	5.071154e-01	1.194344e-02	8.844566e-03	3.098876e-03
365           	2.874190e-03	5.071111e-01	1.194500e-02	8.846691e-03	3.098311e-03
366           	2.872819e-03	5.071152e-01	1.194158e-02	8.843608e-03	3.097970e-03
367           	2.874182e-03	5.071111e-01	1.194330e-02	8.845831e-03	3.097467e-03
368           	2.872815e-03	5.071154e-01	1.193984e-02	8.842737e-03	3.097107e-03
369           	2.874198e-03	5.071112e-01	1.194172e-02	8.845059e-03	3.096663e-03
370           	2.872877e-03	5.071156e-01	1.193823e-02	8.841990e-03	3.096237e-03
371           	2.874169e-03	5.071111e-01	1.194015e-02	8.844241e-03	3.095904e-03
372           	2.872822e-03	5.071154e-01	1.193687e-02	8.841254e-03	3.095611e-03
373           	2.874186e-03	5.071111e-01	1.193883e-02	8.843603e-03	3.095231e-03
374           	2.872825e-03	5.071155e-01	1.193537e-02	8.840510e-03	3.094860e-03
375           	2.874190e-03	5.071109e-01	1.193767e-02	8.843024e-03	3.094644e-03
376           	2.872949e-03	5.071156e-01	1.193433e-02	8.840115e-03	3.094216e-03
377           	2.874132e-03	5.071105e-01	1.193659e-02	8.842429e-03	3.094166e-03
378           	2.872813e-03	5.071150e-01	1.193331e-02	8.839466e-03	3.093841e-03
379           	2.874256e-03	5.071104e-01	1.193555e-02	8.842032e-03	3.093520e-03
380           	2.872818e-03	5.071145e-01	1.193232e-02	8.838976e-03	3.093340e-03
381           	2.874179e-03	5.071096e-01	1.193474e-02	8.841551e-03	3.093193e-03
382           	2.872886e-03	5.071143e-01	1.193137e-02	8.838570e-03	3.092798e-03
383           	2.874167e-03	5.071091e-01	1.193367e-02	8.841000e-03	3.092666e-03
384           	2.872871e-03	5.071137e-01	1.193047e-02	8.838104e-03	3.092361e-03
385           	2.874192e-03	5.071089e-01	1.193249e-02	8.840439e-03	3.092055e-03
386           	2.872813e-03	5.071137e-01	1.192908e-02	8.837351e-03	3.091725e-03
387           	2.874236e-03	5.071089e-01	1.193125e-02	8.839862e-03	3.091391e-03
388           	2.872916e-03	5.071138e-01	1.192792e-02	8.836876e-03	3.091043e-03
389           	2.874237e-03	5.071090e-01	1.192970e-02	8.839088e-03	3.090615e-03
390           	2.872880e-03	5.071136e-01	1.192652e-02	8.836141e-03	3.090381e-03
391           	2.874147e-03	5.071087e-01	1.192842e-02	8.838356e-03	3.090062e-03
392           	2.872878e-03	5.071134e-01	1.192535e-02	8.835555e-03	3.089799e-03
393           	2.874246e-03	5.071087e-01	1.192704e-02	8.837768e-03	3.089275e-03
394           	2.872923e-03	5.071135e-01	1.192418e-02	8.835015e-03	3.089168e-03
395           	2.874127e-03	5.071082e-01	1.192580e-02	8.837027e-03	3.088773e-03
396           	2.872868e-03	5.071129e-01	1.192324e-02	8.834488e-03	3.088752e-03
397           	2.874230e-03	5.071083e-01	1.192463e-02	8.836544e-03	3.088084e-03
398           	2.872878e-03	5.071124e-01	1.192211e-02	8.833935e-03	3.088179e-03
399           	2.874158e-03	5.071077e-01	1.192379e-02	8.836051e-03	3.087736e-03
400           	2.872885e-03	5.071122e-01	1.192134e-02	8.833554e-03	3.087784e-03
401           	2.874199e-03	5.071083e-01	1.192243e-02	8.835415e-03	3.087018e-03
402           	2.872860e-03	5.071127e-01	1.192002e-02	8.832868e-03	3.087148e-03
403           	2.874207e-03	5.071096e-01	1.192100e-02	8.834706e-03	3.086292e-03
404           	2.873006e-03	5.071144e-01	1.191835e-02	8.832182e-03	3.086170e-03
405           	2.874128e-03	5.071109e-01	1.191959e-02	8.833925e-03	3.085669e-03
406           	2.872996e-03	5.071155e-01	1.191709e-02	8.831540e-03	3.085548e-03
407           	2.874205e-03	5.071121e-01	1.191819e-02	8.833299e-03	3.084890e-03
408           	2.872899e-03	5.071159e-01	1.191605e-02	8.830924e-03	3.085126e-03
409           	2.874154e-03	5.071126e-01	1.191709e-02	8.832699e-03	3.084391e-03
410           	2.872972e-03	5.071167e-01	1.191473e-02	8.830335e-03	3.084392e-03
411           	2.874136e-03	5.071129e-01	1.191632e-02	8.832295e-03	3.084023e-03
412           	2.872977e-03	5.071168e-01	1.191425e-02	8.830100e-03	3.084146e-03
413           	2.874199e-03	5.071133e-01	1.191538e-02	8.831889e-03	3.083490e-03
414           	2.872961e-03	5.071170e-01	1.191340e-02	8.829664e-03	3.083741e-03
415           	2.874108e-03	5.071133e-01	1.191485e-02	8.831534e-03	3.083318e-03
416           	2.873000e-03	5.071172e-01	1.191273e-02	8.829364e-03	3.083364e-03
417           	2.874174e-03	5.071136e-01	1.191433e-02	8.831341e-03	3.082992e-03
418           	2.873043e-03	5.071175e-01	1.191229e-02	8.829189e-03	3.083102e-03
419           	2.874179e-03	5.071138e-01	1.191364e-02	8.831000e-03	3.082642e-03
420           	2.872908e-03	5.071171e-01	1.191186e-02	8.828839e-03	3.083024e-03
421           	2.874170e-03	5.071140e-01	1.191307e-02	8.830704e-03	3.082364e-03
422           	2.872971e-03	5.071176e-01	1.191101e-02	8.828477e-03	3.082535e-03
423           	2.874151e-03	5.071140e-01	1.191255e-02	8.830424e-03	3.082122e-03
424           	2.873021e-03	5.071178e-01	1.191066e-02	8.828349e-03	3.082307e-03
425           	2.874198e-03	5.071143e-01	1.191182e-02	8.830110e-03	3.081714e-03
426           	2.872920e-03	5.071175e-01	1.191003e-02	8.827935e-03	3.082095e-03
427           	2.874204e-03	5.071144e-01	1.191122e-02	8.829812e-03	3.081405e-03
428           	2.873047e-03	5.071179e-01	1.190921e-02	8.827651e-03	3.081557e-03
429           	2.874110e-03	5.071142e-01	1.191084e-02	8.829529e-03	3.081309e-03
430           	2.873041e-03	5.071178e-01	1.190888e-02	8.827484e-03	3.081401e-03
431           	2.874126e-03	5.071141e-01	1.191038e-02	8.829316e-03	3.081063e-03
432           	2.873029e-03	5.071175e-01	1.190864e-02	8.827351e-03	3.081293e-03
433           	2.874153e-03	5.071141e-01	1.190996e-02	8.829131e-03	3.080825e-03
434           	2.872970e-03	5.071176e-01	1.190799e-02	8.826968e-03	3.081027e-03
435           	2.874200e-03	5.071142e-01	1.190958e-02	8.828990e-03	3.080591e-03
436           	2.873053e-03	5.071177e-01	1.190777e-02	8.826937e-03	3.080832e-03
437           	2.874167e-03	5.071143e-01	1.190916e-02	8.828749e-03	3.080415e-03
438           	2.872913e-03	5.071175e-01	1.190733e-02	8.826577e-03	3.080751e-03
439           	2.874191e-03	5.071145e-01	1.190879e-02	8.828587e-03	3.080205e-03
440           	2.872932e-03	5.071175e-01	1.190688e-02	8.826374e-03	3.080510e-03
441           	2.874240e-03	5.071142e-01	1.190874e-02	8.828612e-03	3.080132e-03
442           	2.872935e-03	5.071166e-01	1.190710e-02	8.826483e-03	3.080613e-03
443           	2.874157e-03	5.071125e-01	1.190910e-02	8.828707e-03	3.080392e-03
444           	2.872799e-03	5.071142e-01	1.190795e-02	8.826774e-03	3.081177e-03
445           	2.874181e-03	5.071106e-01	1.190991e-02	8.829136e-03	3.080773e-03
446           	2.872842e-03	5.071125e-01	1.190853e-02	8.827108e-03	3.081425e-03
447           	2.874121e-03	5.071085e-01	1.191094e-02	8.829592e-03	3.081350e-03
448           	2.872891e-03	5.071108e-01	1.190953e-02	8.827656e-03	3.081874e-03
449           	2.874129e-03	5.071071e-01	1.191157e-02	8.829914e-03	3.081656e-03
450           	2.872801e-03	5.071094e-01	1.191017e-02	8.827885e-03	3.082283e-03
451           	2.874167e-03	5.071063e-01	1.191200e-02	8.830167e-03	3.081832e-03
452           	2.872850e-03	5.071089e-01	1.191034e-02	8.828021e-03	3.082321e-03
453           	2.874142e-03	5.071058e-01	1.191214e-02	8.830213e-03	3.081928e-03
454           	2.872840e-03	5.071086e-01	1.191039e-02	8.828036e-03	3.082356e-03
455           	2.874192e-03	5.071057e-01	1.191195e-02	8.830168e-03	3.081784e-03
456           	2.872852e-03	5.071084e-01	1.191013e-02	8.827916e-03	3.082212e-03
457           	2.874130e-03	5.071056e-01	1.191153e-02	8.829896e-03	3.081637e-03
458           	2.872867e-03	5.071086e-01	1.190940e-02	8.827565e-03	3.081830e-03
459           	2.874120e-03	5.071055e-01	1.191120e-02	8.829721e-03	3.081482e-03
460           	2.872871e-03	5.071086e-01	1.190928e-02	8.827510e-03	3.081767e-03
461           	2.874156e-03	5.071056e-01	1.191059e-02	8.829453e-03	3.081142e-03
462           	2.872789e-03	5.071083e-01	1.190885e-02	8.827214e-03	3.081637e-03
463           	2.874175e-03	5.071057e-01	1.191030e-02	8.829326e-03	3.080977e-03
464           	2.872890e-03	5.071085e-01	1.190843e-02	8.827104e-03	3.081324e-03
465           	2.874156e-03	5.071056e-01	1.191019e-02	8.829252e-03	3.080940e-03
466           	2.872923e-03	5.071086e-01	1.190828e-02	8.827062e-03	3.081216e-03
467           	2.874136e-03	5.071055e-01	1.190999e-02	8.829132e-03	3.080861e-03
468           	2.872812e-03	5.071081e-01	1.190836e-02	8.826990e-03	3.081365e-03
469           	2.874168e-03	5.071055e-01	1.190993e-02	8.829133e-03	3.080797e-03
470           	2.872892e-03	5.071085e-01	1.190804e-02	8.826914e-03	3.081129e-03
471           	2.874092e-03	5.071052e-01	1.191005e-02	8.829117e-03	3.080933e-03
472           	2.872908e-03	5.071083e-01	1.190829e-02	8.827053e-03	3.081238e-03
473           	2.874219e-03	5.071054e-01	1.190988e-02	8.829158e-03	3.080720e-03
474           	2.872817e-03	5.071080e-01	1.190823e-02	8.826931e-03	3.081297e-03
475           	2.874131e-03	5.071052e-01	1.190986e-02	8.829062e-03	3.080799e-03
476           	2.872867e-03	5.071081e-01	1.190796e-02	8.826848e-03	3.081114e-03
477           	2.874181e-03	5.071052e-01	1.190982e-02	8.829092e-03	3.080729e-03
478           	2.872885e-03	5.071081e-01	1.190789e-02	8.826830e-03	3.081059e-03
479           	2.874145e-03	5.071051e-01	1.190961e-02	8.828951e-03	3.080660e-03
480           	2.872806e-03	5.071078e-01	1.190793e-02	8.826771e-03	3.081159e-03
481           	2.874179e-03	5.071052e-01	1.190942e-02	8.828890e-03	3.080533e-03
482           	2.872831e-03	5.071081e-01	1.190754e-02	8.826601e-03	3.080939e-03
483           	2.874195e-03	5.071052e-01	1.190940e-02	8.828896e-03	3.080506e-03
484           	2.872950e-03	5.071082e-01	1.190755e-02	8.826727e-03	3.080828e-03
485           	2.874107e-03	5.071050e-01	1.190918e-02	8.828700e-03	3.080485e-03
486           	2.872801e-03	5.071079e-01	1.190733e-02	8.826465e-03	3.080862e-03
487           	2.874183e-03	5.071052e-01	1.190900e-02	8.828683e-03	3.080316e-03
488           	2.872919e-03	5.071082e-01	1.190702e-02	8.826427e-03	3.080588e-03
489           	2.874053e-03	5.071049e-01	1.190903e-02	8.828567e-03	3.080462e-03
490           	2.872939e-03	5.071079e-01	1.190762e-02	8.826748e-03	3.080871e-03
491           	2.874167e-03	5.071056e-01	1.190904e-02	8.828688e-03	3.080353e-03
492           	2.872782e-03	5.071079e-01	1.190797e-02	8.826768e-03	3.081205e-03
493           	2.874201e-03	5.071061e-01	1.190910e-02	8.828753e-03	3.080351e-03
494           	2.872843e-03	5.071086e-01	1.190760e-02	8.826641e-03	3.080956e-03
495           	2.874123e-03	5.071061e-01	1.190917e-02	8.828707e-03	3.080460e-03
496           	2.872925e-03	5.071087e-01	1.190767e-02	8.826762e-03	3.080912e-03
497           	2.874092e-03	5.071060e-01	1.190900e-02	8.828589e-03	3.080406e-03
498           	2.872829e-03	5.071085e-01	1.190757e-02	8.826617e-03	3.080958e-03
499           	2.874158e-03	5.071060e-01	1.190881e-02	8.828564e-03	3.080248e-03
500           	2.872801e-03	5.071083e-01	1.190747e-02	8.826535e-03	3.080934e-03
501           	2.874168e-03	5.071059e-01	1.190878e-02	8.828559e-03	3.080223e-03
502           	2.872865e-03	5.071083e-01	1.190741e-02	8.826568e-03	3.080838e-03
503           	2.874141e-03	5.071057e-01	1.190865e-02	8.828467e-03	3.080185e-03
504           	2.872880e-03	5.071080e-01	1.190732e-02	8.826541e-03	3.080780e-03
505           	2.874092e-03	5.071055e-01	1.190863e-02	8.828408e-03	3.080225e-03
506           	2.872834e-03	5.071080e-01	1.190699e-02	8.826327e-03	3.080659e-03
507           	2.874094e-03	5.071054e-01	1.190866e-02	8.828424e-03	3.080236e-03
508           	2.872851e-03	5.071080e-01	1.190730e-02	8.826503e-03	3.080801e-03
509           	2.874172e-03	5.071056e-01	1.190837e-02	8.828359e-03	3.080015e-03
510           	2.872770e-03	5.071077e-01	1.190715e-02	8.826348e-03	3.080807e-03
511           	2.874156e-03	5.071056e-01	1.190835e-02	8.828331e-03	3.080019e-03
512           	2.872863e-03	5.071081e-01	1.190687e-02	8.826297e-03	3.080570e-03
513           	2.874125e-03	5.071055e-01	1.190833e-02	8.828288e-03	3.080038e-03
514           	2.872833e-03	5.071080e-01	1.190686e-02	8.826262e-03	3.080597e-03
515           	2.874124e-03	5.071055e-01	1.190814e-02	8.828196e-03	3.079947e-03
516           	2.872846e-03	5.071079e-01	1.190679e-02	8.826244e-03	3.080551e-03
517           	2.874102e-03	5.071055e-01	1.190804e-02	8.828124e-03	3.079920e-03
518           	2.872825e-03	5.071081e-01	1.190644e-02	8.826046e-03	3.080395e-03
519           	2.874106e-03	5.071055e-01	1.190802e-02	8.828117e-03	3.079906e-03
520           	2.872884e-03	5.071080e-01	1.190664e-02	8.826205e-03	3.080437e-03
521           	2.874168e-03	5.071056e-01	1.190786e-02	8.828096e-03	3.079759e-03
522           	2.872815e-03	5.071079e-01	1.190655e-02	8.826091e-03	3.080461e-03
523           	2.874140e-03	5.071056e-01	1.190781e-02	8.828047e-03	3.079767e-03
524           	2.872809e-03	5.071079e-01	1.190638e-02	8.825998e-03	3.080379e-03
525           	2.874121e-03	5.071054e-01	1.190783e-02	8.828036e-03	3.079793e-03
526           	2.872889e-03	5.071082e-01	1.190640e-02	8.826087e-03	3.080308e-03
527           	2.874069e-03	5.071054e-01	1.190783e-02	8.827983e-03	3.079844e-03
528           	2.872859e-03	5.071079e-01	1.190650e-02	8.826112e-03	3.080393e-03
529           	2.874154e-03	5.071056e-01	1.190771e-02	8.828010e-03	3.079703e-03
530           	2.872813e-03	5.071080e-01	1.190626e-02	8.825945e-03	3.080319e-03
531           	2.874144e-03	5.071055e-01	1.190780e-02	8.828043e-03	3.079755e-03
532           	2.872916e-03	5.071080e-01	1.190636e-02	8.826097e-03	3.080265e-03
533           	2.874097e-03	5.071053e-01	1.190765e-02	8.827920e-03	3.079726e-03
534           	2.872801e-03	5.071077e-01	1.190628e-02	8.825940e-03	3.080339e-03
535           	2.874103e-03	5.071053e-01	1.190764e-02	8.827922e-03	3.079715e-03
536           	2.872860e-03	5.071079e-01	1.190608e-02	8.825901e-03	3.080182e-03
537           	2.874072e-03	5.071052e-01	1.190767e-02	8.827905e-03	3.079760e-03
538           	2.872826e-03	5.071078e-01	1.190623e-02	8.825941e-03	3.080290e-03
539           	2.874183e-03	5.071054e-01	1.190745e-02	8.827907e-03	3.079541e-03
540           	2.872817e-03	5.071076e-01	1.190625e-02	8.825944e-03	3.080310e-03
541           	2.874152e-03	5.071054e-01	1.190744e-02	8.827871e-03	3.079567e-03
542           	2.872817e-03	5.071078e-01	1.190584e-02	8.825737e-03	3.080102e-03
543           	2.874105e-03	5.071052e-01	1.190749e-02	8.827849e-03	3.079639e-03
544           	2.872905e-03	5.071078e-01	1.190603e-02	8.825923e-03	3.080112e-03
545           	2.874079e-03	5.071051e-01	1.190741e-02	8.827784e-03	3.079626e-03
546           	2.872815e-03	5.071076e-01	1.190603e-02	8.825829e-03	3.080200e-03
547           	2.874176e-03	5.071054e-01	1.190724e-02	8.827795e-03	3.079442e-03
548           	2.872778e-03	5.071076e-01	1.190596e-02	8.825758e-03	3.080202e-03
549           	2.874165e-03	5.071053e-01	1.190733e-02	8.827829e-03	3.079499e-03
550           	2.872842e-03	5.071078e-01	1.190597e-02	8.825825e-03	3.080141e-03
551           	2.874143e-03	5.071053e-01	1.190724e-02	8.827765e-03	3.079479e-03
552           	2.872806e-03	5.071075e-01	1.190596e-02	8.825785e-03	3.080172e-03
553           	2.874117e-03	5.071053e-01	1.190720e-02	8.827717e-03	3.079484e-03
554           	2.872840e-03	5.071079e-01	1.190564e-02	8.825660e-03	3.079979e-03
555           	2.874082e-03	5.071052e-01	1.190729e-02	8.827727e-03	3.079564e-03
556           	2.872900e-03	5.071078e-01	1.190587e-02	8.825837e-03	3.080037e-03
557           	2.874122e-03	5.071052e-01	1.190716e-02	8.827701e-03	3.079456e-03
558           	2.872775e-03	5.071075e-01	1.190589e-02	8.825721e-03	3.080171e-03
559           	2.874175e-03	5.071053e-01	1.190710e-02	8.827727e-03	3.079378e-03
560           	2.872890e-03	5.071078e-01	1.190564e-02	8.825709e-03	3.079930e-03
561           	2.874058e-03	5.071051e-01	1.190722e-02	8.827666e-03	3.079550e-03
562           	2.872863e-03	5.071078e-01	1.190569e-02	8.825711e-03	3.079984e-03
563           	2.874155e-03	5.071052e-01	1.190706e-02	8.827687e-03	3.079377e-03
564           	2.872788e-03	5.071075e-01	1.190585e-02	8.825712e-03	3.080135e-03
565           	2.874098e-03	5.071052e-01	1.190707e-02	8.827634e-03	3.079438e-03
566           	2.872865e-03	5.071078e-01	1.190550e-02	8.825613e-03	3.079884e-03
567           	2.874126e-03	5.071052e-01	1.190714e-02	8.827696e-03	3.079444e-03
568           	2.872848e-03	5.071077e-01	1.190587e-02	8.825783e-03	3.080087e-03
569           	2.874192e-03	5.071053e-01	1.190704e-02	8.827713e-03	3.079330e-03
570           	2.872782e-03	5.071074e-01	1.190577e-02	8.825667e-03	3.080102e-03
571           	2.874103e-03	5.071051e-01	1.190712e-02	8.827663e-03	3.079458e-03
572           	2.872874e-03	5.071077e-01	1.190558e-02	8.825665e-03	3.079918e-03
573           	2.874140e-03	5.071051e-01	1.190713e-02	8.827706e-03	3.079426e-03
574           	2.872856e-03	5.071076e-01	1.190563e-02	8.825672e-03	3.079959e-03
575           	2.874048e-03	5.071049e-01	1.190706e-02	8.827580e-03	3.079484e-03
576           	2.872800e-03	5.071072e-01	1.190578e-02	8.825690e-03	3.080090e-03
577           	2.874202e-03	5.071052e-01	1.190691e-02	8.827656e-03	3.079251e-03
578           	2.872824e-03	5.071075e-01	1.190547e-02	8.825561e-03	3.079914e-03
579           	2.874162e-03	5.071051e-01	1.190697e-02	8.827646e-03	3.079322e-03
580           	2.872855e-03	5.071075e-01	1.190557e-02	8.825642e-03	3.079932e-03
581           	2.874097e-03	5.071049e-01	1.190682e-02	8.827505e-03	3.079311e-03
582           	2.872798e-03	5.071073e-01	1.190548e-02	8.825536e-03	3.079940e-03
583           	2.874156e-03	5.071051e-01	1.190683e-02	8.827571e-03	3.079259e-03
584           	2.872884e-03	5.071076e-01	1.190531e-02	8.825538e-03	3.079770e-03
585           	2.874050e-03	5.071048e-01	1.190693e-02	8.827513e-03	3.079413e-03
586           	2.872863e-03	5.071076e-01	1.190549e-02	8.825608e-03	3.079882e-03
587           	2.874159e-03	5.071051e-01	1.190676e-02	8.827538e-03	3.079220e-03
588           	2.872818e-03	5.071073e-01	1.190552e-02	8.825580e-03	3.079944e-03
589           	2.874134e-03	5.071050e-01	1.190672e-02	8.827494e-03	3.079226e-03
590           	2.872798e-03	5.071074e-01	1.190523e-02	8.825411e-03	3.079815e-03
591           	2.874095e-03	5.071049e-01	1.190684e-02	8.827517e-03	3.079328e-03
592           	2.872900e-03	5.071076e-01	1.190542e-02	8.825608e-03	3.079807e-03
593           	2.874108e-03	5.071050e-01	1.190670e-02	8.827456e-03	3.079241e-03
594           	2.872792e-03	5.071073e-01	1.190539e-02	8.825485e-03	3.079901e-03
595           	2.874112e-03	5.071050e-01	1.190670e-02	8.827463e-03	3.079239e-03
596           	2.872852e-03	5.071075e-01	1.190528e-02	8.825492e-03	3.079787e-03
597           	2.874137e-03	5.071050e-01	1.190679e-02	8.827532e-03	3.079258e-03
598           	2.872872e-03	5.071076e-01	1.190535e-02	8.825548e-03	3.079805e-03
599           	2.874148e-03	5.071050e-01	1.190666e-02	8.827480e-03	3.079184e-03
600           	2.872747e-03	5.071072e-01	1.190549e-02	8.825490e-03	3.079996e-03
601           	2.874161e-03	5.071050e-01	1.190665e-02	8.827486e-03	3.079165e-03
602           	2.872820e-03	5.071075e-01	1.190512e-02	8.825381e-03	3.079741e-03
603           	2.874085e-03	5.071049e-01	1.190679e-02	8.827480e-03	3.079310e-03
604           	2.872915e-03	5.071075e-01	1.190538e-02	8.825607e-03	3.079777e-03
605           	2.874114e-03	5.071049e-01	1.190672e-02	8.827472e-03	3.079244e-03
606           	2.872791e-03	5.071072e-01	1.190544e-02	8.825509e-03	3.079927e-03
607           	2.874170e-03	5.071050e-01	1.190668e-02	8.827508e-03	3.079167e-03
608           	2.872869e-03	5.071074e-01	1.190520e-02	8.825467e-03	3.079730e-03
609           	2.874065e-03	5.071047e-01	1.190680e-02	8.827466e-03	3.079335e-03
610           	2.872873e-03	5.071075e-01	1.190527e-02	8.825509e-03	3.079762e-03
611           	2.874177e-03	5.071050e-01	1.190658e-02	8.827466e-03	3.079112e-03
612           	2.872795e-03	5.071071e-01	1.190540e-02	8.825494e-03	3.079904e-03
613           	2.874064e-03	5.071047e-01	1.190662e-02	8.827376e-03	3.079248e-03
614           	2.872804e-03	5.071074e-01	1.190513e-02	8.825366e-03	3.079759e-03
615           	2.874184e-03	5.071050e-01	1.190661e-02	8.827491e-03	3.079123e-03
616           	2.872896e-03	5.071074e-01	1.190530e-02	8.825546e-03	3.079754e-03
617           	2.874110e-03	5.071048e-01	1.190654e-02	8.827380e-03	3.079161e-03
618           	2.872812e-03	5.071072e-01	1.190516e-02	8.825391e-03	3.079768e-03
619           	2.874093e-03	5.071048e-01	1.190654e-02	8.827364e-03	3.079179e-03
620           	2.872856e-03	5.071074e-01	1.190502e-02	8.825368e-03	3.079656e-03
621           	2.874146e-03	5.071049e-01	1.190659e-02	8.827440e-03	3.079148e-03
622           	2.872875e-03	5.071074e-01	1.190511e-02	8.825432e-03	3.079681e-03
623           	2.874041e-03	5.071047e-01	1.190657e-02	8.827327e-03	3.079246e-03
624           	2.872848e-03	5.071072e-01	1.190529e-02	8.825492e-03	3.079797e-03
625           	2.874161e-03	5.071050e-01	1.190651e-02	8.827415e-03	3.079093e-03
626           	2.872795e-03	5.071073e-01	1.190504e-02	8.825315e-03	3.079726e-03
627           	2.874092e-03	5.071048e-01	1.190663e-02	8.827405e-03	3.079221e-03
628           	2.872880e-03	5.071074e-01	1.190521e-02	8.825487e-03	3.079727e-03
629           	2.874148e-03	5.071049e-01	1.190646e-02	8.827378e-03	3.079083e-03
630           	2.872782e-03	5.071071e-01	1.190515e-02	8.825355e-03	3.079792e-03
631           	2.874072e-03	5.071048e-01	1.190649e-02	8.827318e-03	3.079174e-03
632           	2.872859e-03	5.071073e-01	1.190499e-02	8.825354e-03	3.079637e-03
633           	2.874142e-03	5.071048e-01	1.190653e-02	8.827406e-03	3.079121e-03
634           	2.872850e-03	5.071073e-01	1.190515e-02	8.825424e-03	3.079724e-03
635           	2.874172e-03	5.071049e-01	1.190643e-02	8.827384e-03	3.079041e-03
636           	2.872791e-03	5.071070e-01	1.190522e-02	8.825402e-03	3.079820e-03
637           	2.874098e-03	5.071047e-01	1.190640e-02	8.827299e-03	3.079102e-03
638           	2.872829e-03	5.071074e-01	1.190488e-02	8.825268e-03	3.079611e-03
639           	2.874165e-03	5.071049e-01	1.190647e-02	8.827401e-03	3.079071e-03
640           	2.872839e-03	5.071072e-01	1.190519e-02	8.825434e-03	3.079755e-03
641           	2.874118e-03	5.071048e-01	1.190641e-02	8.827322e-03	3.079087e-03
642           	2.872804e-03	5.071071e-01	1.190509e-02	8.825351e-03	3.079743e-03
643           	2.874139e-03	5.071048e-01	1.190642e-02	8.827349e-03	3.079072e-03
644           	2.872850e-03	5.071073e-01	1.190497e-02	8.825333e-03	3.079634e-03
645           	2.874160e-03	5.071048e-01	1.190648e-02	8.827398e-03	3.079078e-03
646           	2.872859e-03	5.071073e-01	1.190504e-02	8.825380e-03	3.079663e-03
647           	2.874070e-03	5.071046e-01	1.190647e-02	8.827305e-03	3.079164e-03
648           	2.872820e-03	5.071071e-01	1.190514e-02	8.825387e-03	3.079748e-03
649           	2.874172e-03	5.071049e-01	1.190634e-02	8.827343e-03	3.078999e-03
650           	2.872869e-03	5.071074e-01	1.190482e-02	8.825278e-03	3.079541e-03
651           	2.874039e-03	5.071046e-01	1.190651e-02	8.827293e-03	3.079215e-03
652           	2.872843e-03	5.071073e-01	1.190518e-02	8.825433e-03	3.079747e-03
653           	2.874180e-03	5.071049e-01	1.190629e-02	8.827324e-03	3.078964e-03
654           	2.872779e-03	5.071071e-01	1.190510e-02	8.825330e-03	3.079772e-03
655           	2.874114e-03	5.071047e-01	1.190638e-02	8.827303e-03	3.079076e-03
656           	2.872866e-03	5.071074e-01	1.190485e-02	8.825291e-03	3.079560e-03
657           	2.874112e-03	5.071048e-01	1.190639e-02	8.827305e-03	3.079082e-03
658           	2.872834e-03	5.071073e-01	1.190494e-02	8.825306e-03	3.079637e-03
659           	2.874154e-03	5.071048e-01	1.190629e-02	8.827298e-03	3.078991e-03
660           	2.872826e-03	5.071070e-01	1.190502e-02	8.825336e-03	3.079685e-03
661           	2.874061e-03	5.071046e-01	1.190638e-02	8.827252e-03	3.079130e-03
662           	2.872812e-03	5.071072e-01	1.190486e-02	8.825240e-03	3.079616e-03
663           	2.874168e-03	5.071048e-01	1.190636e-02	8.827350e-03	3.079013e-03
664           	2.872877e-03	5.071072e-01	1.190503e-02	8.825395e-03	3.079640e-03
665           	2.874092e-03	5.071046e-01	1.190632e-02	8.827254e-03	3.079070e-03
666           	2.872751e-03	5.071070e-01	1.190499e-02	8.825245e-03	3.079744e-03
667           	2.874175e-03	5.071048e-01	1.190622e-02	8.827283e-03	3.078933e-03
668           	2.872848e-03	5.071072e-01	1.190479e-02	8.825242e-03	3.079547e-03
669           	2.874122e-03	5.071047e-01	1.190635e-02	8.827296e-03	3.079051e-03
670           	2.872904e-03	5.071074e-01	1.190478e-02	8.825294e-03	3.079485e-03
671           	2.874075e-03	5.071046e-01	1.190626e-02	8.827204e-03	3.079055e-03
672           	2.872784e-03	5.071069e-01	1.190506e-02	8.825312e-03	3.079744e-03
673           	2.874171e-03	5.071048e-01	1.190623e-02	8.827286e-03	3.078945e-03
674           	2.872826e-03	5.071072e-01	1.190476e-02	8.825208e-03	3.079556e-03
675           	2.874076e-03	5.071046e-01	1.190640e-02	8.827278e-03	3.079126e-03
676           	2.872889e-03	5.071073e-01	1.190500e-02	8.825388e-03	3.079611e-03
677           	2.874150e-03	5.071048e-01	1.190625e-02	8.827277e-03	3.078976e-03
678           	2.872794e-03	5.071070e-01	1.190491e-02	8.825250e-03	3.079662e-03
679           	2.874120e-03	5.071047e-01	1.190625e-02	8.827244e-03	3.079004e-03
680           	2.872854e-03	5.071073e-01	1.190483e-02	8.825268e-03	3.079559e-03
681           	2.874089e-03	5.071046e-01	1.190634e-02	8.827257e-03	3.079080e-03
682           	2.872871e-03	5.071073e-01	1.190494e-02	8.825339e-03	3.079597e-03
683           	2.874133e-03	5.071047e-01	1.190627e-02	8.827268e-03	3.079002e-03
684           	2.872847e-03	5.071071e-01	1.190499e-02	8.825343e-03	3.079648e-03
685           	2.874097e-03	5.071047e-01	1.190624e-02	8.827217e-03	3.079024e-03
686           	2.872818e-03	5.071072e-01	1.190471e-02	8.825172e-03	3.079536e-03
687           	2.874153e-03	5.071047e-01	1.190630e-02	8.827303e-03	3.078998e-03
688           	2.872844e-03	5.071071e-01	1.190496e-02	8.825324e-03	3.079636e-03
689           	2.874082e-03	5.071046e-01	1.190622e-02	8.827191e-03	3.079028e-03
690           	2.872774e-03	5.071069e-01	1.190492e-02	8.825234e-03	3.079686e-03
691           	2.874198e-03	5.071048e-01	1.190616e-02	8.827278e-03	3.078882e-03
692           	2.872801e-03	5.071071e-01	1.190484e-02	8.825224e-03	3.079621e-03
693           	2.874119e-03	5.071046e-01	1.190627e-02	8.827254e-03	3.079015e-03
694           	2.872883e-03	5.071073e-01	1.190483e-02	8.825297e-03	3.079532e-03
695           	2.874093e-03	5.071046e-01	1.190622e-02	8.827203e-03	3.079017e-03
696           	2.872810e-03	5.071069e-01	1.190494e-02	8.825279e-03	3.079659e-03
697           	2.874187e-03	5.071048e-01	1.190616e-02	8.827269e-03	3.078894e-03
698           	2.872844e-03	5.071072e-01	1.190464e-02	8.825163e-03	3.079475e-03
699           	2.874017e-03	5.071044e-01	1.190637e-02	8.827199e-03	3.079166e-03
700           	2.872894e-03	5.071072e-01	1.190490e-02	8.825346e-03	3.079557e-03
701           	2.874174e-03	5.071047e-01	1.190615e-02	8.827248e-03	3.078899e-03
702           	2.872776e-03	5.071069e-01	1.190486e-02	8.825207e-03	3.079654e-03
703           	2.874131e-03	5.071046e-01	1.190615e-02	8.827206e-03	3.078945e-03
704           	2.872796e-03	5.071070e-01	1.190476e-02	8.825175e-03	3.079583e-03
705           	2.874154e-03	5.071047e-01	1.190614e-02	8.827221e-03	3.078914e-03
706           	2.872862e-03	5.071072e-01	1.190477e-02	8.825247e-03	3.079524e-03
707           	2.874108e-03	5.071046e-01	1.190617e-02	8.827194e-03	3.078978e-03
708           	2.872853e-03	5.071071e-01	1.190481e-02	8.825258e-03	3.079552e-03
709           	2.874082e-03	5.071046e-01	1.190618e-02	8.827171e-03	3.079007e-03
710           	2.872847e-03	5.071072e-01	1.190463e-02	8.825160e-03	3.079467e-03
711           	2.874134e-03	5.071046e-01	1.190623e-02	8.827250e-03	3.078983e-03
712           	2.872867e-03	5.071072e-01	1.190495e-02	8.825341e-03	3.079607e-03
713           	2.874130e-03	5.071047e-01	1.190612e-02	8.827188e-03	3.078928e-03
714           	2.872757e-03	5.071069e-01	1.190487e-02	8.825193e-03	3.079678e-03
715           	2.874163e-03	5.071047e-01	1.190616e-02	8.827241e-03	3.078915e-03
716           	2.872829e-03	5.071071e-01	1.190470e-02	8.825178e-03	3.079520e-03
717           	2.874132e-03	5.071047e-01	1.190625e-02	8.827257e-03	3.078993e-03
718           	2.872896e-03	5.071073e-01	1.190471e-02	8.825250e-03	3.079457e-03
719           	2.874053e-03	5.071044e-01	1.190622e-02	8.827164e-03	3.079059e-03
720           	2.872814e-03	5.071068e-01	1.190491e-02	8.825268e-03	3.079640e-03
721           	2.874160e-03	5.071046e-01	1.190619e-02	8.827253e-03	3.078932e-03
722           	2.872814e-03	5.071071e-01	1.190470e-02	8.825164e-03	3.079535e-03
723           	2.874132e-03	5.071046e-01	1.190624e-02	8.827252e-03	3.078988e-03
724           	2.872884e-03	5.071070e-01	1.190486e-02	8.825315e-03	3.079546e-03
725           	2.874118e-03	5.071045e-01	1.190613e-02	8.827184e-03	3.078948e-03
726           	2.872832e-03	5.071070e-01	1.190477e-02	8.825215e-03	3.079551e-03
727           	2.874098e-03	5.071045e-01	1.190611e-02	8.827152e-03	3.078955e-03
728           	2.872781e-03	5.071069e-01	1.190473e-02	8.825144e-03	3.079582e-03
729           	2.874165e-03	5.071046e-01	1.190610e-02	8.827214e-03	3.078883e-03
730           	2.872835e-03	5.071071e-01	1.190474e-02	8.825207e-03	3.079536e-03
731           	2.874129e-03	5.071046e-01	1.190604e-02	8.827148e-03	3.078890e-03
732           	2.872856e-03	5.071070e-01	1.190475e-02	8.825230e-03	3.079518e-03
733           	2.874104e-03	5.071046e-01	1.190602e-02	8.827115e-03	3.078906e-03
734           	2.872805e-03	5.071071e-01	1.190451e-02	8.825059e-03	3.079450e-03
735           	2.874149e-03	5.071047e-01	1.190614e-02	8.827216e-03	3.078919e-03
736           	2.872910e-03	5.071072e-01	1.190473e-02	8.825275e-03	3.079455e-03
737           	2.874054e-03	5.071045e-01	1.190613e-02	8.827118e-03	3.079011e-03
738           	2.872783e-03	5.071069e-01	1.190476e-02	8.825164e-03	3.079598e-03
739           	2.874142e-03	5.071047e-01	1.190604e-02	8.827163e-03	3.078880e-03
740           	2.872863e-03	5.071072e-01	1.190463e-02	8.825181e-03	3.079454e-03
741           	2.874102e-03	5.071046e-01	1.190616e-02	8.827185e-03	3.078980e-03
742           	2.872843e-03	5.071072e-01	1.190475e-02	8.825218e-03	3.079531e-03
743           	2.874179e-03	5.071048e-01	1.190600e-02	8.827179e-03	3.078821e-03
744           	2.872771e-03	5.071068e-01	1.190487e-02	8.825207e-03	3.079665e-03
745           	2.874138e-03	5.071047e-01	1.190603e-02	8.827154e-03	3.078878e-03
746           	2.872839e-03	5.071072e-01	1.190446e-02	8.825070e-03	3.079391e-03
747           	2.874027e-03	5.071044e-01	1.190624e-02	8.827149e-03	3.079096e-03
748           	2.872887e-03	5.071072e-01	1.190481e-02	8.825291e-03	3.079517e-03
749           	2.874165e-03	5.071047e-01	1.190610e-02	8.827215e-03	3.078886e-03
750           	2.872785e-03	5.071070e-01	1.190484e-02	8.825204e-03	3.079635e-03
751           	2.874165e-03	5.071048e-01	1.190608e-02	8.827206e-03	3.078876e-03
752           	2.872772e-03	5.071070e-01	1.190472e-02	8.825131e-03	3.079586e-03
753           	2.874169e-03	5.071047e-01	1.190611e-02	8.827227e-03	3.078888e-03
754           	2.872854e-03	5.071072e-01	1.190473e-02	8.825220e-03	3.079512e-03
755           	2.874120e-03	5.071047e-01	1.190615e-02	8.827194e-03	3.078954e-03
756           	2.872859e-03	5.071070e-01	1.190475e-02	8.825232e-03	3.079515e-03
757           	2.874052e-03	5.071045e-01	1.190616e-02	8.827131e-03	3.079027e-03
758           	2.872853e-03	5.071072e-01	1.190459e-02	8.825147e-03	3.079441e-03
759           	2.874160e-03	5.071047e-01	1.190615e-02	8.827236e-03	3.078916e-03
760           	2.872853e-03	5.071072e-01	1.190491e-02	8.825306e-03	3.079599e-03
761           	2.874147e-03	5.071047e-01	1.190607e-02	8.827182e-03	3.078888e-03
762           	2.872758e-03	5.071069e-01	1.190481e-02	8.825161e-03	3.079645e-03
763           	2.874147e-03	5.071048e-01	1.190609e-02	8.827194e-03	3.078899e-03
764           	2.872878e-03	5.071073e-01	1.190459e-02	8.825175e-03	3.079419e-03
765           	2.874109e-03	5.071047e-01	1.190615e-02	8.827186e-03	3.078968e-03
766           	2.872848e-03	5.071073e-01	1.190465e-02	8.825173e-03	3.079478e-03
767           	2.874054e-03	5.071046e-01	1.190611e-02	8.827109e-03	3.079001e-03
768           	2.872830e-03	5.071071e-01	1.190481e-02	8.825235e-03	3.079576e-03
769           	2.874176e-03	5.071050e-01	1.190599e-02	8.827170e-03	3.078818e-03
770           	2.872849e-03	5.071074e-01	1.190451e-02	8.825104e-03	3.079406e-03
771           	2.874125e-03	5.071048e-01	1.190612e-02	8.827186e-03	3.078935e-03
772           	2.872829e-03	5.071072e-01	1.190479e-02	8.825222e-03	3.079565e-03
773           	2.874159e-03	5.071049e-01	1.190600e-02	8.827160e-03	3.078841e-03
774           	2.872828e-03	5.071072e-01	1.190468e-02	8.825169e-03	3.079513e-03
775           	2.874084e-03	5.071047e-01	1.190612e-02	8.827144e-03	3.078976e-03
776           	2.872785e-03	5.071072e-01	1.190472e-02	8.825146e-03	3.079576e-03
777           	2.874149e-03	5.071048e-01	1.190614e-02	8.827219e-03	3.078920e-03
778           	2.872864e-03	5.071074e-01	1.190479e-02	8.825259e-03	3.079532e-03
779           	2.874129e-03	5.071049e-01	1.190610e-02	8.827177e-03	3.078920e-03
780           	2.872780e-03	5.071070e-01	1.190491e-02	8.825234e-03	3.079674e-03
781           	2.874174e-03	5.071049e-01	1.190611e-02	8.827228e-03	3.078880e-03
782           	2.872809e-03	5.071073e-01	1.190464e-02	8.825130e-03	3.079512e-03
783           	2.874126e-03	5.071048e-01	1.190622e-02	8.827236e-03	3.078984e-03
784           	2.872913e-03	5.071074e-01	1.190476e-02	8.825292e-03	3.079467e-03
785           	2.874044e-03	5.071046e-01	1.190619e-02	8.827141e-03	3.079053e-03
786           	2.872745e-03	5.071070e-01	1.190483e-02	8.825159e-03	3.079669e-03
787           	2.874208e-03	5.071051e-01	1.190605e-02	8.827234e-03	3.078817e-03
788           	2.872849e-03	5.071074e-01	1.190469e-02	8.825192e-03	3.079494e-03
789           	2.874107e-03	5.071048e-01	1.190621e-02	8.827213e-03	3.078999e-03
790           	2.872841e-03	5.071074e-01	1.190477e-02	8.825227e-03	3.079545e-03
791           	2.874181e-03	5.071050e-01	1.190602e-02	8.827192e-03	3.078829e-03
792           	2.872787e-03	5.071072e-01	1.190488e-02	8.825227e-03	3.079652e-03
793           	2.874144e-03	5.071050e-01	1.190605e-02	8.827169e-03	3.078880e-03
794           	2.872862e-03	5.071076e-01	1.190444e-02	8.825083e-03	3.079358e-03
795           	2.874013e-03	5.071047e-01	1.190625e-02	8.827139e-03	3.079113e-03
796           	2.872919e-03	5.071076e-01	1.190484e-02	8.825338e-03	3.079500e-03
797           	2.874161e-03	5.071051e-01	1.190611e-02	8.827216e-03	3.078893e-03
798           	2.872785e-03	5.071072e-01	1.190488e-02	8.825223e-03	3.079653e-03
799           	2.874141e-03	5.071050e-01	1.190613e-02	8.827207e-03	3.078925e-03
800           	2.872836e-03	5.071074e-01	1.190469e-02	8.825180e-03	3.079507e-03
