# Residuals   
# Time        	p             	Ux            	Uy            	Uz            
1             	1.000000e+00	1.000000e+00	1.000000e+00	1.000000e+00
2             	1.308254e-01	3.639311e-01	4.891644e-01	4.910817e-01
3             	6.659503e-02	8.574764e-02	2.399256e-01	2.055180e-01
4             	6.669879e-02	7.574930e-02	2.155318e-01	2.189459e-01
5             	7.127500e-02	5.332148e-02	9.150987e-02	1.010312e-01
6             	8.370192e-02	4.180062e-02	6.405957e-02	7.611123e-02
7             	9.174720e-02	3.289972e-02	5.494538e-02	6.999990e-02
8             	6.812120e-02	7.315597e-02	7.854882e-02	8.283303e-02
9             	6.295338e-02	3.415893e-02	5.565011e-02	6.653717e-02
10            	6.017684e-02	2.363615e-02	5.351703e-02	6.843671e-02
11            	6.123412e-02	2.207491e-02	6.020794e-02	7.659378e-02
12            	6.291407e-02	2.665323e-02	6.766906e-02	8.388896e-02
13            	6.362583e-02	3.020620e-02	7.273484e-02	6.908806e-02
14            	6.142018e-02	2.851003e-02	5.831543e-02	5.598737e-02
15            	5.610324e-02	2.969145e-02	4.721664e-02	5.035607e-02
16            	5.173698e-02	3.057970e-02	3.998127e-02	4.152689e-02
17            	4.859427e-02	3.024650e-02	3.381741e-02	3.506038e-02
18            	4.630511e-02	2.951641e-02	2.858251e-02	2.961897e-02
19            	4.527677e-02	2.733275e-02	2.419317e-02	2.501826e-02
20            	4.531668e-02	2.394583e-02	2.050210e-02	2.108531e-02
21            	4.698087e-02	1.980833e-02	1.823266e-02	1.848817e-02
22            	4.934920e-02	1.575427e-02	1.690200e-02	1.714858e-02
23            	5.146838e-02	1.276316e-02	1.587291e-02	1.610837e-02
24            	5.214403e-02	1.090252e-02	1.506018e-02	1.532012e-02
25            	4.918578e-02	9.764608e-03	1.432851e-02	1.454514e-02
26            	4.698129e-02	9.045092e-03	1.369075e-02	1.384939e-02
27            	4.525530e-02	8.588934e-03	1.305110e-02	1.309396e-02
28            	4.404153e-02	8.263730e-03	1.225018e-02	1.216962e-02
29            	4.267909e-02	8.020743e-03	1.121301e-02	1.105120e-02
30            	4.174525e-02	7.743602e-03	1.013187e-02	9.967843e-03
31            	4.084811e-02	7.454668e-03	9.283764e-03	9.051356e-03
32            	4.000266e-02	7.118358e-03	8.518737e-03	8.307586e-03
33            	3.926618e-02	6.762585e-03	7.955648e-03	7.761049e-03
34            	3.849931e-02	6.412638e-03	7.425449e-03	7.331763e-03
35            	3.754503e-02	6.082388e-03	7.042386e-03	6.949840e-03
36            	3.643811e-02	5.786600e-03	6.625486e-03	6.591771e-03
37            	3.491278e-02	5.508090e-03	6.286234e-03	6.223862e-03
38            	3.304613e-02	5.247968e-03	5.883060e-03	5.862316e-03
39            	3.071623e-02	4.945231e-03	5.531515e-03	5.467371e-03
40            	2.825126e-02	4.635217e-03	5.148395e-03	5.093872e-03
41            	2.593562e-02	4.364767e-03	4.815886e-03	4.709270e-03
42            	2.373700e-02	4.165211e-03	4.478774e-03	4.401275e-03
43            	2.198017e-02	4.007872e-03	4.236256e-03	4.100428e-03
44            	2.021270e-02	3.878615e-03	3.986172e-03	3.883910e-03
45            	1.875279e-02	3.765755e-03	3.817019e-03	3.673608e-03
46            	1.724088e-02	3.656776e-03	3.631306e-03	3.513470e-03
47            	1.606096e-02	3.552473e-03	3.514202e-03	3.359038e-03
48            	1.475571e-02	3.446723e-03	3.375157e-03	3.243938e-03
49            	1.372510e-02	3.345834e-03	3.286590e-03	3.132200e-03
50            	1.260980e-02	3.246966e-03	3.176799e-03	3.046442e-03
51            	1.168228e-02	3.156202e-03	3.099806e-03	2.954772e-03
52            	1.069987e-02	3.072529e-03	3.005156e-03	2.879003e-03
53            	9.885140e-03	2.996034e-03	2.935584e-03	2.798104e-03
54            	9.037315e-03	2.927851e-03	2.856638e-03	2.733661e-03
55            	8.326378e-03	2.864533e-03	2.800458e-03	2.670773e-03
56            	7.616261e-03	2.807754e-03	2.737913e-03	2.623304e-03
57            	7.027678e-03	2.754060e-03	2.693837e-03	2.576621e-03
58            	6.425150e-03	2.704194e-03	2.642019e-03	2.538946e-03
59            	5.925953e-03	2.656512e-03	2.605356e-03	2.500651e-03
60            	5.424611e-03	2.611291e-03	2.559957e-03	2.467367e-03
61            	5.007440e-03	2.569372e-03	2.510130e-03	2.427765e-03
62            	4.588252e-03	2.529175e-03	2.448213e-03	2.375403e-03
63            	4.233737e-03	2.491360e-03	2.404206e-03	2.324914e-03
64            	3.887244e-03	2.453939e-03	2.359552e-03	2.288360e-03
65            	3.599752e-03	2.418649e-03	2.332102e-03	2.257532e-03
66            	3.321668e-03	2.384090e-03	2.300285e-03	2.236124e-03
67            	3.088721e-03	2.351537e-03	2.277754e-03	2.213335e-03
68            	2.864883e-03	2.320004e-03	2.249592e-03	2.193845e-03
69            	2.674377e-03	2.290041e-03	2.226147e-03	2.170891e-03
70            	2.485292e-03	2.258187e-03	2.193477e-03	2.144923e-03
71            	2.327373e-03	2.227698e-03	2.162103e-03	2.115497e-03
72            	2.178064e-03	2.199116e-03	2.130488e-03	2.090147e-03
73            	2.049463e-03	2.171819e-03	2.101764e-03	2.062849e-03
74            	1.924223e-03	2.145163e-03	2.073386e-03	2.039333e-03
75            	1.819227e-03	2.120069e-03	2.048017e-03	2.015375e-03
76            	1.715650e-03	2.095179e-03	2.022578e-03	1.993813e-03
77            	1.630117e-03	2.071868e-03	1.998896e-03	1.971383e-03
78            	1.545024e-03	2.048321e-03	1.975068e-03	1.951537e-03
79            	1.474678e-03	2.026234e-03	1.952526e-03	1.930246e-03
80            	1.404732e-03	2.003925e-03	1.929722e-03	1.911009e-03
81            	1.346361e-03	1.983088e-03	1.907788e-03	1.890342e-03
82            	1.288633e-03	1.961867e-03	1.885678e-03	1.871946e-03
83            	1.240786e-03	1.941949e-03	1.865017e-03	1.852383e-03
84            	1.192295e-03	1.921771e-03	1.844045e-03	1.834809e-03
85            	1.153064e-03	1.902943e-03	1.824735e-03	1.816344e-03
86            	1.111835e-03	1.883600e-03	1.805154e-03	1.799300e-03
87            	1.079176e-03	1.865587e-03	1.786497e-03	1.781575e-03
88            	1.043750e-03	1.847165e-03	1.768485e-03	1.765171e-03
89            	1.017686e-03	1.837164e-03	1.811886e-03	1.807602e-03
90            	9.705084e-04	1.811164e-03	1.750283e-03	1.765927e-03
91            	9.428893e-04	1.794503e-03	1.717943e-03	1.727042e-03
92            	9.117990e-04	1.778015e-03	1.698588e-03	1.701751e-03
93            	9.437558e-04	1.755476e-03	1.654862e-03	1.666230e-03
94            	8.804556e-04	1.752665e-03	1.705059e-03	1.720193e-03
95            	8.521032e-04	1.729807e-03	1.685301e-03	1.699560e-03
96            	8.310123e-04	1.712397e-03	1.640985e-03	1.653966e-03
97            	8.186485e-04	1.698266e-03	1.624422e-03	1.645084e-03
98            	7.993511e-04	1.681718e-03	1.627282e-03	1.642200e-03
99            	7.877711e-04	1.667772e-03	1.600293e-03	1.625426e-03
100           	7.711156e-04	1.651768e-03	1.597231e-03	1.616370e-03
101           	7.604419e-04	1.637966e-03	1.587667e-03	1.605142e-03
102           	7.461917e-04	1.622997e-03	1.573587e-03	1.591391e-03
103           	7.373503e-04	1.609711e-03	1.560494e-03	1.578258e-03
104           	7.243644e-04	1.595216e-03	1.545617e-03	1.564350e-03
105           	7.164608e-04	1.582256e-03	1.532289e-03	1.551226e-03
106           	7.044377e-04	1.568130e-03	1.517651e-03	1.537460e-03
107           	6.971297e-04	1.555373e-03	1.504281e-03	1.524360e-03
108           	6.867419e-04	1.541541e-03	1.489939e-03	1.510654e-03
109           	6.797439e-04	1.529015e-03	1.476742e-03	1.497654e-03
110           	6.699146e-04	1.515330e-03	1.462753e-03	1.484081e-03
111           	6.633369e-04	1.502921e-03	1.449454e-03	1.471066e-03
112           	6.545111e-04	1.489477e-03	1.435392e-03	1.457432e-03
113           	6.483102e-04	1.477356e-03	1.422216e-03	1.444565e-03
114           	6.399420e-04	1.464137e-03	1.408403e-03	1.431053e-03
115           	6.339820e-04	1.452205e-03	1.395446e-03	1.418364e-03
116           	6.265179e-04	1.439285e-03	1.381955e-03	1.405176e-03
117           	6.210994e-04	1.427682e-03	1.369197e-03	1.392777e-03
118           	6.138158e-04	1.414942e-03	1.355789e-03	1.379411e-03
119           	6.085193e-04	1.403389e-03	1.342844e-03	1.366983e-03
120           	6.020001e-04	1.390834e-03	1.329843e-03	1.353805e-03
121           	5.967739e-04	1.379453e-03	1.317169e-03	1.341685e-03
122           	5.904733e-04	1.367013e-03	1.304631e-03	1.328656e-03
123           	5.855703e-04	1.355574e-03	1.291779e-03	1.316692e-03
124           	5.795233e-04	1.343206e-03	1.279103e-03	1.303242e-03
125           	5.752016e-04	1.331869e-03	1.266176e-03	1.291232e-03
126           	5.687748e-04	1.319478e-03	1.253095e-03	1.277543e-03
127           	5.643154e-04	1.307991e-03	1.240044e-03	1.265257e-03
128           	5.583850e-04	1.295556e-03	1.226577e-03	1.251516e-03
129           	5.539619e-04	1.284058e-03	1.213466e-03	1.238865e-03
130           	5.478933e-04	1.271676e-03	1.199710e-03	1.225118e-03
131           	5.434599e-04	1.260021e-03	1.186422e-03	1.212219e-03
132           	5.379172e-04	1.247773e-03	1.172685e-03	1.198739e-03
133           	5.339320e-04	1.236103e-03	1.159501e-03	1.185629e-03
134           	5.285817e-04	1.223924e-03	1.146129e-03	1.172608e-03
135           	5.245319e-04	1.212304e-03	1.133231e-03	1.159639e-03
136           	5.197618e-04	1.200198e-03	1.120025e-03	1.146587e-03
137           	5.159811e-04	1.188893e-03	1.107631e-03	1.134252e-03
138           	5.111041e-04	1.176855e-03	1.094476e-03	1.120941e-03
139           	5.070193e-04	1.165589e-03	1.082153e-03	1.108752e-03
140           	5.028707e-04	1.153631e-03	1.069186e-03	1.095550e-03
141           	4.989708e-04	1.142532e-03	1.057245e-03	1.083752e-03
142           	4.949329e-04	1.130667e-03	1.044707e-03	1.070899e-03
143           	4.908203e-04	1.119530e-03	1.032680e-03	1.059053e-03
144           	4.872692e-04	1.107742e-03	1.020404e-03	1.046339e-03
145           	4.832621e-04	1.096688e-03	1.008461e-03	1.034637e-03
146           	4.798304e-04	1.084963e-03	9.965726e-04	1.022163e-03
147           	4.757396e-04	1.073884e-03	9.847761e-04	1.010625e-03
148           	4.728783e-04	1.062305e-03	9.731529e-04	9.983131e-04
149           	4.691644e-04	1.051373e-03	9.614248e-04	9.869688e-04
150           	4.658658e-04	1.039859e-03	9.500915e-04	9.747590e-04
151           	4.622976e-04	1.028889e-03	9.383331e-04	9.636097e-04
152           	4.591828e-04	1.017436e-03	9.272841e-04	9.515835e-04
153           	4.561257e-04	1.006512e-03	9.156974e-04	9.407383e-04
154           	4.525379e-04	9.950830e-04	9.047935e-04	9.287260e-04
155           	4.494294e-04	9.840802e-04	8.929947e-04	9.177959e-04
156           	4.456813e-04	9.726807e-04	8.817974e-04	9.058396e-04
157           	4.430694e-04	9.617395e-04	8.699785e-04	8.950487e-04
158           	4.383293e-04	9.502297e-04	8.585511e-04	8.830288e-04
159           	4.359596e-04	9.392248e-04	8.468489e-04	8.722183e-04
160           	4.310449e-04	9.277037e-04	8.351992e-04	8.601989e-04
161           	4.288238e-04	9.167278e-04	8.238536e-04	8.496089e-04
162           	4.238971e-04	9.053386e-04	8.124069e-04	8.380007e-04
163           	4.213611e-04	8.943518e-04	8.012287e-04	8.274344e-04
164           	4.175256e-04	8.830807e-04	7.900861e-04	8.161777e-04
165           	4.151794e-04	8.721716e-04	7.790676e-04	8.061438e-04
166           	4.111379e-04	8.609785e-04	7.683803e-04	7.954964e-04
167           	4.087458e-04	8.500247e-04	7.577194e-04	7.854268e-04
168           	4.051896e-04	8.390037e-04	7.478761e-04	7.752621e-04
169           	4.029451e-04	8.282564e-04	7.378385e-04	7.653926e-04
170           	3.990144e-04	8.173232e-04	7.282018e-04	7.552061e-04
171           	3.968323e-04	8.065363e-04	7.184088e-04	7.456092e-04
172           	3.929356e-04	7.955580e-04	7.089044e-04	7.355277e-04
173           	3.915465e-04	7.849658e-04	6.993633e-04	7.262149e-04
174           	3.868775e-04	7.740574e-04	6.899847e-04	7.161905e-04
175           	3.855418e-04	7.635838e-04	6.806410e-04	7.071850e-04
176           	3.810404e-04	7.527100e-04	6.714704e-04	6.975182e-04
177           	3.794199e-04	7.423696e-04	6.625421e-04	6.889667e-04
178           	3.749506e-04	7.315928e-04	6.538421e-04	6.795893e-04
179           	3.723353e-04	7.212523e-04	6.450852e-04	6.714188e-04
180           	3.686355e-04	7.105345e-04	6.368867e-04	6.624665e-04
181           	3.667169e-04	7.003211e-04	6.285770e-04	6.545727e-04
182           	3.626750e-04	6.896405e-04	6.208449e-04	6.458868e-04
183           	3.608330e-04	6.793833e-04	6.125298e-04	6.380830e-04
184           	3.572061e-04	6.688515e-04	6.050781e-04	6.296876e-04
185           	3.555665e-04	6.587336e-04	5.969595e-04	6.220999e-04
186           	3.514764e-04	6.483325e-04	5.896021e-04	6.139278e-04
187           	3.496765e-04	6.382510e-04	5.816027e-04	6.064366e-04
188           	3.460043e-04	6.280009e-04	5.744038e-04	5.985067e-04
189           	3.446030e-04	6.180780e-04	5.667811e-04	5.913441e-04
190           	3.405527e-04	6.079737e-04	5.597599e-04	5.837454e-04
191           	3.390150e-04	5.981277e-04	5.522675e-04	5.766585e-04
192           	3.352200e-04	5.882364e-04	5.453583e-04	5.692102e-04
193           	3.338686e-04	5.786065e-04	5.380903e-04	5.623076e-04
194           	3.295294e-04	5.687503e-04	5.328291e-04	5.614294e-04
195           	3.280593e-04	5.592278e-04	5.255337e-04	5.526936e-04
196           	3.244975e-04	5.495366e-04	5.196616e-04	5.496741e-04
197           	3.234462e-04	5.403487e-04	5.120221e-04	5.399550e-04
198           	3.190811e-04	5.309686e-04	5.061503e-04	5.364546e-04
199           	3.176327e-04	5.218051e-04	5.000167e-04	5.328212e-04
200           	3.142335e-04	5.125754e-04	5.011988e-04	5.291532e-04
201           	3.132790e-04	5.036951e-04	4.913248e-04	5.237635e-04
202           	3.097978e-04	4.947150e-04	4.900744e-04	5.182207e-04
203           	3.053672e-04	4.860342e-04	4.795323e-04	5.120022e-04
204           	3.026368e-04	4.776404e-04	4.708900e-04	4.999746e-04
205           	3.015390e-04	4.696286e-04	4.638241e-04	4.913154e-04
206           	2.989560e-04	4.618907e-04	4.588017e-04	4.847275e-04
207           	2.971808e-04	4.541150e-04	4.538954e-04	4.799473e-04
208           	2.947834e-04	4.464286e-04	4.499962e-04	4.753466e-04
209           	2.930113e-04	4.387393e-04	4.452936e-04	4.715260e-04
210           	2.900954e-04	4.312151e-04	4.415787e-04	4.671361e-04
211           	2.889649e-04	4.234969e-04	4.366517e-04	4.628954e-04
212           	2.867698e-04	4.161188e-04	4.331160e-04	4.586640e-04
213           	2.863307e-04	4.085712e-04	4.281854e-04	4.544414e-04
214           	2.838473e-04	4.016504e-04	4.244255e-04	4.501129e-04
215           	2.827342e-04	3.943704e-04	4.195909e-04	4.458080e-04
216           	2.799048e-04	3.876793e-04	4.152484e-04	4.408627e-04
217           	2.786004e-04	3.805028e-04	4.105276e-04	4.359852e-04
218           	2.755447e-04	3.739454e-04	4.059262e-04	4.309953e-04
219           	2.744572e-04	3.668818e-04	4.015572e-04	4.262784e-04
220           	2.714562e-04	3.604913e-04	3.970562e-04	4.214770e-04
221           	2.709298e-04	3.536402e-04	3.927590e-04	4.170588e-04
222           	2.671062e-04	3.472505e-04	3.880336e-04	4.122954e-04
223           	2.655584e-04	3.403990e-04	3.831205e-04	4.075833e-04
224           	2.628539e-04	3.341944e-04	3.788598e-04	4.032653e-04
225           	2.606831e-04	3.275608e-04	3.742780e-04	3.986579e-04
226           	2.588499e-04	3.217593e-04	3.706941e-04	3.943639e-04
227           	2.573088e-04	3.156766e-04	3.663943e-04	3.898599e-04
228           	2.556513e-04	3.101040e-04	3.631815e-04	3.853100e-04
229           	2.544700e-04	3.042472e-04	3.586354e-04	3.811705e-04
230           	2.523447e-04	2.987619e-04	3.554657e-04	3.772658e-04
231           	2.514340e-04	2.931563e-04	3.512023e-04	3.734264e-04
232           	2.487465e-04	2.878263e-04	3.483405e-04	3.697724e-04
233           	2.486635e-04	2.823572e-04	3.441664e-04	3.657474e-04
234           	2.449905e-04	2.772917e-04	3.412954e-04	3.624693e-04
235           	2.461510e-04	2.720847e-04	3.373657e-04	3.586145e-04
236           	2.421229e-04	2.672339e-04	3.346767e-04	3.555985e-04
237           	2.433391e-04	2.622375e-04	3.306216e-04	3.511760e-04
238           	2.391085e-04	2.575494e-04	3.278491e-04	3.482032e-04
239           	2.394230e-04	2.526283e-04	3.237088e-04	3.438912e-04
240           	2.448370e-04	2.463863e-04	3.190191e-04	3.388589e-04
241           	2.384318e-04	2.449872e-04	3.175750e-04	3.377022e-04
242           	2.414377e-04	2.383115e-04	3.129885e-04	3.326208e-04
243           	2.326164e-04	2.356524e-04	3.114204e-04	3.310607e-04
244           	2.350819e-04	2.293273e-04	3.070563e-04	3.278040e-04
245           	2.306538e-04	2.270183e-04	3.069400e-04	3.315187e-04
246           	2.332126e-04	2.210761e-04	3.026214e-04	3.258581e-04
247           	2.275941e-04	2.187241e-04	2.992665e-04	3.203139e-04
248           	2.291895e-04	2.130739e-04	2.968659e-04	3.169418e-04
249           	2.256077e-04	2.111193e-04	3.007540e-04	3.197377e-04
250           	2.275588e-04	2.056759e-04	2.956424e-04	3.162799e-04
251           	2.219599e-04	2.034343e-04	2.894674e-04	3.148305e-04
252           	2.231233e-04	1.983484e-04	2.871801e-04	3.109497e-04
253           	2.201747e-04	1.965496e-04	2.889170e-04	3.096891e-04
254           	2.210221e-04	1.916654e-04	2.858837e-04	3.062607e-04
255           	2.256579e-04	1.875509e-04	2.825350e-04	3.029927e-04
256           	2.160135e-04	1.876183e-04	2.826428e-04	3.030295e-04
257           	2.204770e-04	1.825328e-04	2.786609e-04	2.988136e-04
258           	2.204132e-04	1.787450e-04	2.760374e-04	2.960359e-04
259           	2.122114e-04	1.781745e-04	2.743602e-04	2.948200e-04
260           	2.142629e-04	1.736230e-04	2.715136e-04	2.913695e-04
261           	2.171239e-04	1.699449e-04	2.686040e-04	2.887008e-04
262           	2.095291e-04	1.695584e-04	2.683989e-04	2.885600e-04
263           	2.124985e-04	1.652255e-04	2.646972e-04	2.848042e-04
264           	2.141199e-04	1.620558e-04	2.626770e-04	2.825628e-04
265           	2.076809e-04	1.616550e-04	2.611734e-04	2.816071e-04
266           	2.093235e-04	1.578204e-04	2.588359e-04	2.786614e-04
267           	2.112771e-04	1.546310e-04	2.560700e-04	2.761738e-04
268           	2.049324e-04	1.543881e-04	2.561078e-04	2.761679e-04
269           	2.074753e-04	1.507067e-04	2.530147e-04	2.730362e-04
270           	2.083703e-04	1.479688e-04	2.513624e-04	2.711688e-04
271           	2.085135e-04	1.455456e-04	2.486876e-04	2.689582e-04
272           	2.027070e-04	1.461864e-04	2.488735e-04	2.688924e-04
273           	2.040503e-04	1.427889e-04	2.453629e-04	2.654468e-04
274           	2.049225e-04	1.402624e-04	2.433133e-04	2.631411e-04
275           	2.035061e-04	1.379577e-04	2.401762e-04	2.604115e-04
276           	2.088732e-04	1.362222e-04	2.388797e-04	2.589103e-04
277           	2.021684e-04	1.367295e-04	2.370492e-04	2.578403e-04
278           	2.065991e-04	1.340669e-04	2.364902e-04	2.565476e-04
279           	2.051470e-04	1.317736e-04	2.345300e-04	2.548075e-04
280           	2.077372e-04	1.300470e-04	2.343122e-04	2.546218e-04
281           	2.052265e-04	1.282220e-04	2.325192e-04	2.540556e-04
282           	2.072585e-04	1.268040e-04	2.321999e-04	2.549282e-04
283           	2.056872e-04	1.253158e-04	2.307572e-04	2.547980e-04
284           	2.054652e-04	1.269101e-04	2.339134e-04	2.579529e-04
285           	2.051598e-04	1.239664e-04	2.315546e-04	2.549554e-04
286           	2.058865e-04	1.218361e-04	2.303235e-04	2.529242e-04
287           	2.084834e-04	1.203575e-04	2.291642e-04	2.521271e-04
288           	2.003239e-04	1.186486e-04	2.289959e-04	2.514380e-04
289           	2.032981e-04	1.167080e-04	2.275090e-04	2.494369e-04
290           	2.058145e-04	1.158819e-04	2.281384e-04	2.496726e-04
291           	2.088319e-04	1.152855e-04	2.292018e-04	2.510044e-04
292           	2.087400e-04	1.143582e-04	2.295819e-04	2.512534e-04
293           	2.109295e-04	1.133549e-04	2.292394e-04	2.507642e-04
294           	2.113752e-04	1.126944e-04	2.297676e-04	2.513320e-04
295           	2.116106e-04	1.117601e-04	2.289751e-04	2.506397e-04
296           	2.115557e-04	1.108954e-04	2.289264e-04	2.504340e-04
297           	2.109649e-04	1.099275e-04	2.279828e-04	2.495284e-04
298           	2.108707e-04	1.091260e-04	2.278091e-04	2.490468e-04
299           	2.101563e-04	1.081509e-04	2.268185e-04	2.479777e-04
300           	2.098054e-04	1.072762e-04	2.266176e-04	2.472329e-04
301           	2.087562e-04	1.063866e-04	2.257693e-04	2.461815e-04
302           	2.091819e-04	1.056401e-04	2.257730e-04	2.457625e-04
303           	2.085808e-04	1.048674e-04	2.250358e-04	2.447284e-04
304           	2.089329e-04	1.042052e-04	2.253825e-04	2.441613e-04
305           	2.087886e-04	1.035397e-04	2.247390e-04	2.432328e-04
306           	2.090678e-04	1.029989e-04	2.251071e-04	2.429341e-04
307           	2.084619e-04	1.023904e-04	2.242984e-04	2.422219e-04
308           	2.091895e-04	1.019725e-04	2.250361e-04	2.421157e-04
309           	2.090510e-04	1.014687e-04	2.249783e-04	2.418617e-04
310           	2.098418e-04	1.012412e-04	2.257559e-04	2.420351e-04
311           	2.106968e-04	1.008186e-04	2.257120e-04	2.422043e-04
312           	2.116410e-04	1.007448e-04	2.267569e-04	2.427454e-04
313           	2.119302e-04	1.005029e-04	2.267302e-04	2.429185e-04
314           	2.120148e-04	1.005398e-04	2.276068e-04	2.437483e-04
315           	2.131713e-04	1.001909e-04	2.272820e-04	2.440073e-04
316           	2.132498e-04	1.001116e-04	2.277856e-04	2.449559e-04
317           	2.138032e-04	9.973224e-05	2.267041e-04	2.450424e-04
318           	2.136088e-04	9.941719e-05	2.265968e-04	2.449051e-04
319           	2.137174e-04	9.901114e-05	2.258993e-04	2.451971e-04
320           	2.132017e-04	9.875938e-05	2.266590e-04	2.447211e-04
321           	2.142862e-04	9.842686e-05	2.264830e-04	2.453384e-04
322           	2.134716e-04	9.832175e-05	2.272589e-04	2.450478e-04
323           	2.146783e-04	9.787890e-05	2.268306e-04	2.450418e-04
324           	2.145932e-04	9.773027e-05	2.276042e-04	2.450366e-04
325           	2.153703e-04	9.737441e-05	2.273414e-04	2.448707e-04
326           	2.142528e-04	9.736638e-05	2.281691e-04	2.449923e-04
327           	2.151903e-04	9.696526e-05	2.281671e-04	2.447796e-04
328           	2.150207e-04	9.693186e-05	2.291911e-04	2.450721e-04
329           	2.164934e-04	9.648483e-05	2.290367e-04	2.447466e-04
330           	2.157729e-04	9.644058e-05	2.299606e-04	2.450531e-04
331           	2.169488e-04	9.603702e-05	2.296093e-04	2.443764e-04
332           	2.166278e-04	9.605182e-05	2.306022e-04	2.448181e-04
333           	2.180739e-04	9.611240e-05	2.307447e-04	2.441920e-04
334           	2.181177e-04	9.590330e-05	2.316012e-04	2.446592e-04
335           	2.188324e-04	9.567627e-05	2.315097e-04	2.442198e-04
336           	2.211745e-04	9.561004e-05	2.331700e-04	2.452788e-04
337           	2.211533e-04	9.544951e-05	2.328618e-04	2.451695e-04
338           	2.210311e-04	9.502029e-05	2.330303e-04	2.452949e-04
339           	2.209420e-04	9.447109e-05	2.323632e-04	2.444562e-04
340           	2.214678e-04	9.408513e-05	2.322613e-04	2.447129e-04
341           	2.219231e-04	9.361710e-05	2.322826e-04	2.443834e-04
342           	2.230526e-04	9.357721e-05	2.333018e-04	2.457086e-04
343           	2.227128e-04	9.328450e-05	2.335550e-04	2.458312e-04
344           	2.235873e-04	9.324286e-05	2.341832e-04	2.469980e-04
345           	2.233313e-04	9.302077e-05	2.342949e-04	2.469139e-04
346           	2.238711e-04	9.288680e-05	2.344512e-04	2.476241e-04
347           	2.235858e-04	9.265551e-05	2.344970e-04	2.469908e-04
348           	2.242689e-04	9.243384e-05	2.348255e-04	2.476580e-04
349           	2.240513e-04	9.229676e-05	2.346247e-04	2.471361e-04
350           	2.228006e-04	9.211652e-05	2.349641e-04	2.476579e-04
351           	2.235166e-04	9.184975e-05	2.347274e-04	2.469101e-04
352           	2.229223e-04	9.169778e-05	2.355177e-04	2.477378e-04
353           	2.245268e-04	9.144089e-05	2.352739e-04	2.472498e-04
354           	2.236252e-04	9.124561e-05	2.357692e-04	2.481638e-04
355           	2.250024e-04	9.105072e-05	2.354126e-04	2.477771e-04
356           	2.229843e-04	9.091176e-05	2.355629e-04	2.482171e-04
357           	2.250310e-04	9.057956e-05	2.351630e-04	2.475570e-04
358           	2.230728e-04	9.042748e-05	2.354264e-04	2.479588e-04
359           	2.240393e-04	9.006613e-05	2.346901e-04	2.469567e-04
360           	2.237448e-04	8.990875e-05	2.349281e-04	2.474176e-04
361           	2.240379e-04	8.964055e-05	2.342596e-04	2.466834e-04
362           	2.228526e-04	8.948795e-05	2.342535e-04	2.468488e-04
363           	2.229433e-04	8.918508e-05	2.336681e-04	2.459893e-04
364           	2.229236e-04	8.901822e-05	2.337851e-04	2.462032e-04
365           	2.233221e-04	8.873756e-05	2.333154e-04	2.456093e-04
366           	2.231999e-04	8.865693e-05	2.334483e-04	2.459625e-04
367           	2.228028e-04	8.844539e-05	2.328235e-04	2.453984e-04
368           	2.223962e-04	8.823285e-05	2.327357e-04	2.453055e-04
369           	2.226959e-04	8.797688e-05	2.322415e-04	2.447291e-04
370           	2.222758e-04	8.790322e-05	2.323253e-04	2.449003e-04
371           	2.222464e-04	8.767436e-05	2.318706e-04	2.443556e-04
372           	2.225037e-04	8.750866e-05	2.318934e-04	2.444770e-04
373           	2.224455e-04	8.734079e-05	2.313712e-04	2.440875e-04
374           	2.216971e-04	8.723293e-05	2.313227e-04	2.441360e-04
375           	2.214696e-04	8.703140e-05	2.309250e-04	2.435523e-04
376           	2.215725e-04	8.688395e-05	2.309193e-04	2.435758e-04
377           	2.222954e-04	8.669520e-05	2.306225e-04	2.432714e-04
378           	2.221144e-04	8.663361e-05	2.306871e-04	2.434978e-04
379           	2.215833e-04	8.649325e-05	2.301881e-04	2.431044e-04
380           	2.212078e-04	8.637212e-05	2.299339e-04	2.429274e-04
381           	2.216624e-04	8.615808e-05	2.297464e-04	2.426833e-04
382           	2.210533e-04	8.609423e-05	2.296421e-04	2.426944e-04
383           	2.210563e-04	8.590160e-05	2.293776e-04	2.423345e-04
384           	2.212744e-04	8.579980e-05	2.292104e-04	2.424685e-04
385           	2.211968e-04	8.566479e-05	2.289437e-04	2.422826e-04
386           	2.203334e-04	8.559764e-05	2.286356e-04	2.422515e-04
387           	2.203296e-04	8.537327e-05	2.283093e-04	2.417734e-04
388           	2.205968e-04	8.527530e-05	2.280966e-04	2.418193e-04
389           	2.208352e-04	8.509265e-05	2.279219e-04	2.416302e-04
390           	2.213163e-04	8.508698e-05	2.278107e-04	2.419207e-04
391           	2.211257e-04	8.495454e-05	2.274828e-04	2.415832e-04
392           	2.208854e-04	8.488058e-05	2.273958e-04	2.415731e-04
393           	2.210105e-04	8.473595e-05	2.271314e-04	2.413092e-04
394           	2.210907e-04	8.476091e-05	2.272752e-04	2.415737e-04
395           	2.211304e-04	8.457205e-05	2.270042e-04	2.411972e-04
396           	2.212443e-04	8.460138e-05	2.270049e-04	2.413388e-04
397           	2.217417e-04	8.452509e-05	2.265976e-04	2.410987e-04
398           	2.197707e-04	8.442640e-05	2.261741e-04	2.409232e-04
399           	2.207608e-04	8.417875e-05	2.257042e-04	2.403318e-04
400           	2.196972e-04	8.403155e-05	2.255358e-04	2.402879e-04
401           	2.208560e-04	8.385833e-05	2.251395e-04	2.398886e-04
402           	2.196575e-04	8.378682e-05	2.250646e-04	2.400515e-04
403           	2.201125e-04	8.363566e-05	2.245740e-04	2.396907e-04
404           	2.184580e-04	8.349714e-05	2.242400e-04	2.395461e-04
405           	2.198742e-04	8.339426e-05	2.239966e-04	2.393237e-04
406           	2.184211e-04	8.336578e-05	2.239372e-04	2.394363e-04
407           	2.190999e-04	8.323844e-05	2.236295e-04	2.389644e-04
408           	2.191200e-04	8.319057e-05	2.236678e-04	2.392389e-04
409           	2.194234e-04	8.314233e-05	2.234201e-04	2.391188e-04
410           	2.179698e-04	8.307101e-05	2.232449e-04	2.391007e-04
411           	2.186906e-04	8.296780e-05	2.229621e-04	2.386961e-04
412           	2.183459e-04	8.287972e-05	2.229963e-04	2.387543e-04
413           	2.189779e-04	8.282359e-05	2.228784e-04	2.385709e-04
414           	2.187503e-04	8.281880e-05	2.229235e-04	2.388832e-04
415           	2.188416e-04	8.275833e-05	2.226627e-04	2.386105e-04
416           	2.177927e-04	8.265447e-05	2.224925e-04	2.384764e-04
417           	2.185450e-04	8.258886e-05	2.222958e-04	2.381847e-04
418           	2.179188e-04	8.258978e-05	2.223484e-04	2.383818e-04
419           	2.184203e-04	8.249672e-05	2.222409e-04	2.380636e-04
420           	2.186805e-04	8.245474e-05	2.223660e-04	2.383130e-04
421           	2.187724e-04	8.241324e-05	2.221083e-04	2.381364e-04
422           	2.176411e-04	8.239145e-05	2.220513e-04	2.382790e-04
423           	2.176653e-04	8.230534e-05	2.218789e-04	2.378779e-04
424           	2.174668e-04	8.222892e-05	2.219100e-04	2.379374e-04
425           	2.182017e-04	8.215495e-05	2.217788e-04	2.377069e-04
426           	2.181923e-04	8.221273e-05	2.219638e-04	2.381757e-04
427           	2.178798e-04	8.217496e-05	2.217332e-04	2.379164e-04
428           	2.174114e-04	8.209239e-05	2.216511e-04	2.379286e-04
429           	2.182647e-04	8.203302e-05	2.216035e-04	2.377821e-04
430           	2.176529e-04	8.204052e-05	2.217553e-04	2.380403e-04
431           	2.177851e-04	8.195309e-05	2.214831e-04	2.375594e-04
432           	2.180171e-04	8.189386e-05	2.215611e-04	2.378338e-04
433           	2.181981e-04	8.184647e-05	2.213664e-04	2.377124e-04
434           	2.171654e-04	8.182754e-05	2.213284e-04	2.377927e-04
435           	2.169701e-04	8.171217e-05	2.210652e-04	2.373158e-04
436           	2.169193e-04	8.162318e-05	2.210449e-04	2.373789e-04
437           	2.176117e-04	8.150208e-05	2.209630e-04	2.371799e-04
438           	2.174881e-04	8.149067e-05	2.210933e-04	2.375588e-04
439           	2.170860e-04	8.136980e-05	2.208540e-04	2.373135e-04
440           	2.165646e-04	8.121416e-05	2.210336e-04	2.373168e-04
441           	2.171626e-04	8.112226e-05	2.211520e-04	2.371740e-04
442           	2.175698e-04	8.118002e-05	2.216459e-04	2.375799e-04
443           	2.171390e-04	8.109385e-05	2.214403e-04	2.372241e-04
444           	2.183471e-04	8.110229e-05	2.217695e-04	2.376163e-04
445           	2.174509e-04	8.106209e-05	2.214050e-04	2.374026e-04
446           	2.172321e-04	8.108538e-05	2.214187e-04	2.375647e-04
447           	2.168135e-04	8.098867e-05	2.212551e-04	2.372334e-04
448           	2.171635e-04	8.095486e-05	2.214325e-04	2.373660e-04
449           	2.171868e-04	8.089754e-05	2.213553e-04	2.371853e-04
450           	2.175344e-04	8.094744e-05	2.215685e-04	2.377153e-04
451           	2.170293e-04	8.087104e-05	2.213033e-04	2.374125e-04
452           	2.169504e-04	8.086119e-05	2.213560e-04	2.375437e-04
453           	2.172554e-04	8.079273e-05	2.212785e-04	2.373622e-04
454           	2.168220e-04	8.083705e-05	2.214504e-04	2.376058e-04
455           	2.166415e-04	8.071241e-05	2.212350e-04	2.371419e-04
456           	2.174689e-04	8.075330e-05	2.214074e-04	2.375136e-04
457           	2.173556e-04	8.073775e-05	2.213315e-04	2.375400e-04
458           	2.166707e-04	8.076815e-05	2.213300e-04	2.376748e-04
459           	2.167695e-04	8.065585e-05	2.211171e-04	2.372437e-04
460           	2.171119e-04	8.066274e-05	2.212644e-04	2.374234e-04
461           	2.172328e-04	8.060385e-05	2.212402e-04	2.372860e-04
462           	2.173542e-04	8.067910e-05	2.214005e-04	2.376129e-04
463           	2.166619e-04	8.061456e-05	2.210969e-04	2.373020e-04
464           	2.164354e-04	8.059938e-05	2.209855e-04	2.372806e-04
465           	2.167824e-04	8.054471e-05	2.209500e-04	2.371295e-04
466           	2.166359e-04	8.057847e-05	2.210732e-04	2.373574e-04
467           	2.169549e-04	8.050077e-05	2.210077e-04	2.370667e-04
468           	2.176135e-04	8.052810e-05	2.212067e-04	2.373545e-04
469           	2.173982e-04	8.054205e-05	2.210252e-04	2.372571e-04
470           	2.167721e-04	8.055641e-05	2.210030e-04	2.373931e-04
471           	2.167807e-04	8.047810e-05	2.209224e-04	2.370783e-04
472           	2.167447e-04	8.047332e-05	2.210396e-04	2.371522e-04
473           	2.169372e-04	8.042228e-05	2.209211e-04	2.369110e-04
474           	2.174202e-04	8.050025e-05	2.210993e-04	2.373353e-04
475           	2.169304e-04	8.045845e-05	2.209300e-04	2.371426e-04
476           	2.166978e-04	8.043493e-05	2.209011e-04	2.371025e-04
477           	2.169061e-04	8.039504e-05	2.208244e-04	2.369181e-04
478           	2.171632e-04	8.044867e-05	2.210334e-04	2.372345e-04
479           	2.169934e-04	8.039997e-05	2.210128e-04	2.369844e-04
480           	2.179809e-04	8.040518e-05	2.212218e-04	2.373369e-04
481           	2.177567e-04	8.040051e-05	2.210582e-04	2.372561e-04
482           	2.171138e-04	8.046278e-05	2.210862e-04	2.373576e-04
483           	2.166817e-04	8.039465e-05	2.209212e-04	2.369666e-04
484           	2.173130e-04	8.038095e-05	2.210536e-04	2.371078e-04
485           	2.176693e-04	8.033926e-05	2.211193e-04	2.370192e-04
486           	2.180267e-04	8.043294e-05	2.213676e-04	2.374554e-04
487           	2.171688e-04	8.042406e-05	2.211076e-04	2.371750e-04
488           	2.173018e-04	8.038225e-05	2.210676e-04	2.371708e-04
489           	2.176920e-04	8.033995e-05	2.210609e-04	2.370510e-04
490           	2.171877e-04	8.037415e-05	2.213043e-04	2.373401e-04
491           	2.166916e-04	8.034136e-05	2.208636e-04	2.365591e-04
492           	2.174026e-04	8.025256e-05	2.209078e-04	2.367752e-04
493           	2.171190e-04	8.026752e-05	2.207046e-04	2.366522e-04
494           	2.164709e-04	8.027124e-05	2.206333e-04	2.367088e-04
495           	2.165184e-04	8.025835e-05	2.205945e-04	2.365066e-04
496           	2.166302e-04	8.020523e-05	2.206535e-04	2.365018e-04
497           	2.170310e-04	8.017911e-05	2.206605e-04	2.363744e-04
498           	2.173056e-04	8.022800e-05	2.207964e-04	2.367886e-04
499           	2.167822e-04	8.024587e-05	2.206605e-04	2.366302e-04
500           	2.165071e-04	8.020710e-05	2.205753e-04	2.365400e-04
501           	2.166914e-04	8.015550e-05	2.205065e-04	2.363469e-04
502           	2.165758e-04	8.020741e-05	2.205790e-04	2.365567e-04
503           	2.164623e-04	8.015349e-05	2.205516e-04	2.363039e-04
504           	2.171360e-04	8.015624e-05	2.206675e-04	2.365559e-04
505           	2.171935e-04	8.017269e-05	2.206188e-04	2.365578e-04
506           	2.165073e-04	8.019356e-05	2.205825e-04	2.366937e-04
507           	2.166914e-04	8.014299e-05	2.204591e-04	2.363697e-04
508           	2.168371e-04	8.013779e-05	2.205760e-04	2.365352e-04
509           	2.170627e-04	8.009786e-05	2.205879e-04	2.364142e-04
510           	2.171345e-04	8.018572e-05	2.207294e-04	2.367496e-04
511           	2.165793e-04	8.015484e-05	2.204889e-04	2.364779e-04
512           	2.162919e-04	8.012668e-05	2.203943e-04	2.364842e-04
513           	2.167705e-04	8.009900e-05	2.204220e-04	2.363700e-04
514           	2.164784e-04	8.014378e-05	2.205612e-04	2.365663e-04
515           	2.165067e-04	8.006943e-05	2.204247e-04	2.362047e-04
516           	2.171591e-04	8.009159e-05	2.205536e-04	2.365115e-04
517           	2.171005e-04	8.011418e-05	2.204705e-04	2.365062e-04
518           	2.164920e-04	8.011878e-05	2.205047e-04	2.366521e-04
519           	2.164266e-04	8.005743e-05	2.203908e-04	2.363148e-04
520           	2.163970e-04	8.008045e-05	2.204787e-04	2.364277e-04
521           	2.167252e-04	8.003619e-05	2.204025e-04	2.362067e-04
522           	2.170006e-04	8.010963e-05	2.205785e-04	2.366522e-04
523           	2.168965e-04	8.009856e-05	2.204614e-04	2.365019e-04
524           	2.166782e-04	8.009772e-05	2.204947e-04	2.365322e-04
525           	2.168599e-04	8.007799e-05	2.204675e-04	2.363636e-04
526           	2.166886e-04	8.011745e-05	2.206051e-04	2.366289e-04
527           	2.168732e-04	8.005097e-05	2.205025e-04	2.362930e-04
528           	2.171638e-04	8.007281e-05	2.206634e-04	2.365876e-04
529           	2.169424e-04	8.008661e-05	2.205399e-04	2.365127e-04
530           	2.163737e-04	8.011303e-05	2.205253e-04	2.366163e-04
531           	2.163677e-04	8.003438e-05	2.203601e-04	2.362412e-04
532           	2.165792e-04	8.005159e-05	2.205063e-04	2.363894e-04
533           	2.170065e-04	8.003350e-05	2.205651e-04	2.362876e-04
534           	2.171325e-04	8.010024e-05	2.207369e-04	2.367259e-04
535           	2.167023e-04	8.006590e-05	2.204544e-04	2.364164e-04
536           	2.163716e-04	8.003547e-05	2.203880e-04	2.364412e-04
537           	2.169111e-04	8.000074e-05	2.203927e-04	2.363146e-04
538           	2.164989e-04	8.006587e-05	2.205806e-04	2.365742e-04
539           	2.162291e-04	7.999448e-05	2.204237e-04	2.361755e-04
540           	2.169553e-04	8.002512e-05	2.205377e-04	2.364961e-04
541           	2.171041e-04	8.001826e-05	2.204422e-04	2.364530e-04
542           	2.163967e-04	8.007323e-05	2.204822e-04	2.366408e-04
543           	2.164470e-04	8.002360e-05	2.203890e-04	2.363148e-04
544           	2.164997e-04	7.999990e-05	2.204773e-04	2.364060e-04
545           	2.170860e-04	7.993994e-05	2.204092e-04	2.361935e-04
546           	2.172081e-04	8.002622e-05	2.206383e-04	2.366714e-04
547           	2.165986e-04	8.002900e-05	2.204621e-04	2.364602e-04
548           	2.163372e-04	8.002210e-05	2.203948e-04	2.364619e-04
549           	2.166149e-04	7.994809e-05	2.202958e-04	2.362095e-04
550           	2.163734e-04	8.000931e-05	2.204116e-04	2.364654e-04
551           	2.164318e-04	7.995566e-05	2.203498e-04	2.361708e-04
552           	2.169621e-04	7.996584e-05	2.204935e-04	2.364402e-04
553           	2.169330e-04	7.997072e-05	2.203857e-04	2.363907e-04
554           	2.164178e-04	8.001276e-05	2.203948e-04	2.366050e-04
555           	2.164963e-04	7.996525e-05	2.202957e-04	2.362822e-04
556           	2.164144e-04	7.995801e-05	2.204179e-04	2.364053e-04
557           	2.168310e-04	7.989916e-05	2.204016e-04	2.362072e-04
558           	2.170590e-04	8.000056e-05	2.206086e-04	2.366351e-04
559           	2.164817e-04	7.999095e-05	2.203494e-04	2.363609e-04
560           	2.162586e-04	7.997585e-05	2.203273e-04	2.363678e-04
561           	2.167344e-04	7.993486e-05	2.203635e-04	2.362418e-04
562           	2.164050e-04	7.999265e-05	2.205272e-04	2.365264e-04
563           	2.165041e-04	7.993761e-05	2.203938e-04	2.361575e-04
564           	2.172974e-04	7.995965e-05	2.205591e-04	2.365053e-04
565           	2.173393e-04	7.995915e-05	2.204651e-04	2.364854e-04
566           	2.164794e-04	8.000475e-05	2.204981e-04	2.366452e-04
567           	2.166227e-04	7.995814e-05	2.204277e-04	2.363374e-04
568           	2.168105e-04	7.997625e-05	2.205693e-04	2.365056e-04
569           	2.171032e-04	7.992707e-05	2.204996e-04	2.362782e-04
570           	2.171455e-04	8.001478e-05	2.206493e-04	2.366834e-04
571           	2.168195e-04	7.998720e-05	2.204652e-04	2.364546e-04
572           	2.163447e-04	7.995563e-05	2.203815e-04	2.364343e-04
573           	2.167501e-04	7.991640e-05	2.203212e-04	2.362475e-04
574           	2.167199e-04	7.996565e-05	2.205064e-04	2.365314e-04
575           	2.166809e-04	7.989761e-05	2.204294e-04	2.362069e-04
576           	2.168341e-04	7.992490e-05	2.205306e-04	2.364924e-04
577           	2.164946e-04	7.991676e-05	2.203166e-04	2.363260e-04
578           	2.160586e-04	7.995573e-05	2.202822e-04	2.364526e-04
579           	2.163997e-04	7.988220e-05	2.202316e-04	2.361789e-04
580           	2.167443e-04	7.990950e-05	2.204393e-04	2.363945e-04
581           	2.171558e-04	7.989224e-05	2.204884e-04	2.362879e-04
582           	2.171239e-04	7.995708e-05	2.206387e-04	2.366930e-04
583           	2.167732e-04	7.992149e-05	2.203375e-04	2.363733e-04
584           	2.163304e-04	7.992186e-05	2.202760e-04	2.363845e-04
585           	2.167431e-04	7.988735e-05	2.202937e-04	2.362529e-04
586           	2.163892e-04	7.991636e-05	2.204298e-04	2.364976e-04
587           	2.163413e-04	7.982864e-05	2.202695e-04	2.360897e-04
588           	2.170410e-04	7.989284e-05	2.204477e-04	2.364023e-04
589           	2.168046e-04	7.991768e-05	2.203955e-04	2.363851e-04
590           	2.161637e-04	7.994625e-05	2.203809e-04	2.365250e-04
591           	2.162697e-04	7.987624e-05	2.202234e-04	2.361540e-04
592           	2.164365e-04	7.987700e-05	2.203398e-04	2.363022e-04
593           	2.168621e-04	7.984578e-05	2.203633e-04	2.361937e-04
594           	2.170603e-04	7.992755e-05	2.205958e-04	2.366430e-04
595           	2.166074e-04	7.990946e-05	2.204158e-04	2.363998e-04
596           	2.161956e-04	7.990296e-05	2.203505e-04	2.363769e-04
597           	2.166905e-04	7.985697e-05	2.202738e-04	2.361715e-04
598           	2.164092e-04	7.993238e-05	2.204510e-04	2.364555e-04
599           	2.166061e-04	7.988379e-05	2.204271e-04	2.361922e-04
600           	2.172621e-04	7.990778e-05	2.205803e-04	2.365069e-04
601           	2.172366e-04	7.989327e-05	2.204268e-04	2.364204e-04
602           	2.165502e-04	7.994579e-05	2.204376e-04	2.365688e-04
603           	2.163936e-04	7.990570e-05	2.203523e-04	2.362635e-04
604           	2.163628e-04	7.988000e-05	2.204179e-04	2.364031e-04
605           	2.169212e-04	7.981259e-05	2.203853e-04	2.361887e-04
606           	2.170202e-04	7.991215e-05	2.205608e-04	2.366021e-04
607           	2.164679e-04	7.989539e-05	2.203045e-04	2.363319e-04
608           	2.161557e-04	7.987619e-05	2.202560e-04	2.363355e-04
609           	2.167311e-04	7.983110e-05	2.203024e-04	2.362111e-04
610           	2.164533e-04	7.989026e-05	2.204586e-04	2.364965e-04
611           	2.166282e-04	7.983409e-05	2.203130e-04	2.361544e-04
612           	2.173326e-04	7.988482e-05	2.204907e-04	2.364996e-04
613           	2.172855e-04	7.987373e-05	2.204047e-04	2.364517e-04
614           	2.162743e-04	7.989661e-05	2.203565e-04	2.365530e-04
615           	2.159786e-04	7.983020e-05	2.201810e-04	2.361586e-04
616           	2.163704e-04	7.984010e-05	2.202878e-04	2.362548e-04
617           	2.168360e-04	7.979613e-05	2.203434e-04	2.361325e-04
618           	2.170565e-04	7.989349e-05	2.205595e-04	2.366409e-04
619           	2.167180e-04	7.989508e-05	2.203667e-04	2.364144e-04
620           	2.162665e-04	7.985477e-05	2.203002e-04	2.363899e-04
621           	2.167341e-04	7.979779e-05	2.202292e-04	2.361988e-04
622           	2.166598e-04	7.989213e-05	2.204424e-04	2.365045e-04
623           	2.166970e-04	7.985306e-05	2.204209e-04	2.362361e-04
624           	2.169660e-04	7.985642e-05	2.205412e-04	2.365126e-04
625           	2.168668e-04	7.983745e-05	2.203465e-04	2.363631e-04
626           	2.163041e-04	7.990370e-05	2.203645e-04	2.365098e-04
627           	2.163437e-04	7.985104e-05	2.202987e-04	2.362061e-04
628           	2.163504e-04	7.985033e-05	2.203894e-04	2.363103e-04
629           	2.167647e-04	7.980746e-05	2.203550e-04	2.361479e-04
630           	2.171436e-04	7.988915e-05	2.205616e-04	2.365873e-04
631           	2.166571e-04	7.986995e-05	2.203783e-04	2.363682e-04
632           	2.160973e-04	7.985201e-05	2.202975e-04	2.363929e-04
633           	2.164395e-04	7.980692e-05	2.202595e-04	2.361983e-04
634           	2.162290e-04	7.986048e-05	2.203807e-04	2.364090e-04
635           	2.165240e-04	7.978002e-05	2.202673e-04	2.360745e-04
636           	2.172178e-04	7.984478e-05	2.204750e-04	2.364464e-04
637           	2.171026e-04	7.986870e-05	2.204331e-04	2.364457e-04
638           	2.161825e-04	7.988292e-05	2.203652e-04	2.365385e-04
639           	2.163621e-04	7.980467e-05	2.202094e-04	2.361677e-04
640           	2.166477e-04	7.983823e-05	2.203450e-04	2.363253e-04
641           	2.169678e-04	7.980589e-05	2.203801e-04	2.361998e-04
642           	2.170932e-04	7.986295e-05	2.205287e-04	2.366320e-04
643           	2.167155e-04	7.983349e-05	2.203177e-04	2.364019e-04
644           	2.162995e-04	7.982647e-05	2.202824e-04	2.363626e-04
645           	2.164991e-04	7.979181e-05	2.202288e-04	2.361596e-04
646           	2.163699e-04	7.985180e-05	2.203634e-04	2.364594e-04
647           	2.166089e-04	7.977931e-05	2.203019e-04	2.361425e-04
648           	2.169302e-04	7.980303e-05	2.204325e-04	2.364227e-04
649           	2.167391e-04	7.981174e-05	2.202687e-04	2.363416e-04
650           	2.163040e-04	7.986604e-05	2.202959e-04	2.364940e-04
651           	2.165648e-04	7.981282e-05	2.202811e-04	2.362336e-04
652           	2.166304e-04	7.982228e-05	2.204377e-04	2.364074e-04
653           	2.167688e-04	7.977507e-05	2.203669e-04	2.361831e-04
654           	2.169866e-04	7.987611e-05	2.205369e-04	2.365632e-04
655           	2.165633e-04	7.985425e-05	2.203510e-04	2.363360e-04
656           	2.162454e-04	7.982333e-05	2.202835e-04	2.363506e-04
657           	2.168520e-04	7.978894e-05	2.202900e-04	2.362518e-04
658           	2.166113e-04	7.986758e-05	2.204822e-04	2.365090e-04
659           	2.164174e-04	7.980761e-05	2.203691e-04	2.361476e-04
660           	2.169334e-04	7.983379e-05	2.204627e-04	2.364583e-04
661           	2.170473e-04	7.982432e-05	2.203604e-04	2.364017e-04
662           	2.161791e-04	7.985240e-05	2.203443e-04	2.365216e-04
663           	2.160191e-04	7.978881e-05	2.201820e-04	2.361465e-04
664           	2.162767e-04	7.980107e-05	2.202952e-04	2.362518e-04
665           	2.168028e-04	7.975044e-05	2.203434e-04	2.361211e-04
666           	2.168863e-04	7.984230e-05	2.205204e-04	2.365697e-04
667           	2.163957e-04	7.982716e-05	2.202545e-04	2.363146e-04
668           	2.160760e-04	7.981518e-05	2.201796e-04	2.362964e-04
669           	2.166019e-04	7.975595e-05	2.201897e-04	2.361473e-04
670           	2.165252e-04	7.981936e-05	2.203703e-04	2.364616e-04
671           	2.167641e-04	7.977859e-05	2.203508e-04	2.362183e-04
672           	2.171608e-04	7.980336e-05	2.205312e-04	2.365116e-04
673           	2.169996e-04	7.978889e-05	2.203219e-04	2.363383e-04
674           	2.161687e-04	7.985228e-05	2.202746e-04	2.364794e-04
675           	2.161838e-04	7.979642e-05	2.202057e-04	2.361805e-04
676           	2.161925e-04	7.976887e-05	2.202734e-04	2.362594e-04
677           	2.167154e-04	7.971043e-05	2.202316e-04	2.360896e-04
678           	2.170481e-04	7.983210e-05	2.204553e-04	2.365541e-04
679           	2.165772e-04	7.984006e-05	2.203528e-04	2.364066e-04
680           	2.164486e-04	7.981449e-05	2.203354e-04	2.364565e-04
681           	2.169697e-04	7.976437e-05	2.203138e-04	2.362921e-04
682           	2.165122e-04	7.983896e-05	2.204754e-04	2.364839e-04
683           	2.163330e-04	7.978301e-05	2.203223e-04	2.361021e-04
684           	2.169331e-04	7.979540e-05	2.204339e-04	2.363863e-04
685           	2.168769e-04	7.978750e-05	2.203708e-04	2.363773e-04
686           	2.161350e-04	7.984468e-05	2.203556e-04	2.364766e-04
687           	2.163320e-04	7.978837e-05	2.202209e-04	2.361262e-04
688           	2.166222e-04	7.981092e-05	2.203501e-04	2.363322e-04
689           	2.169538e-04	7.977209e-05	2.203902e-04	2.362395e-04
690           	2.169231e-04	7.982871e-05	2.205359e-04	2.366187e-04
691           	2.165018e-04	7.979844e-05	2.203185e-04	2.363615e-04
692           	2.164522e-04	7.982257e-05	2.202999e-04	2.364066e-04
693           	2.167799e-04	7.979189e-05	2.203033e-04	2.362609e-04
694           	2.163875e-04	7.982696e-05	2.204205e-04	2.365022e-04
695           	2.166317e-04	7.974604e-05	2.203206e-04	2.361746e-04
696           	2.169269e-04	7.978897e-05	2.204450e-04	2.364259e-04
697           	2.166848e-04	7.979428e-05	2.202839e-04	2.363154e-04
698           	2.162652e-04	7.982972e-05	2.202612e-04	2.364635e-04
699           	2.164993e-04	7.976194e-05	2.202197e-04	2.361986e-04
700           	2.163324e-04	7.976490e-05	2.203389e-04	2.363165e-04
701           	2.166035e-04	7.972233e-05	2.202557e-04	2.360873e-04
702           	2.168861e-04	7.981675e-05	2.204207e-04	2.365347e-04
703           	2.165742e-04	7.979061e-05	2.202796e-04	2.363535e-04
704           	2.163445e-04	7.978162e-05	2.202635e-04	2.363728e-04
705           	2.166216e-04	7.975201e-05	2.202327e-04	2.362200e-04
706           	2.164092e-04	7.983226e-05	2.203698e-04	2.364634e-04
707           	2.165383e-04	7.975755e-05	2.203051e-04	2.361388e-04
708           	2.170134e-04	7.978529e-05	2.204474e-04	2.364515e-04
709           	2.170453e-04	7.980705e-05	2.203788e-04	2.364425e-04
710           	2.162633e-04	7.983111e-05	2.203999e-04	2.365298e-04
711           	2.163632e-04	7.976352e-05	2.202708e-04	2.361666e-04
712           	2.167054e-04	7.980194e-05	2.204146e-04	2.363677e-04
713           	2.171052e-04	7.976268e-05	2.204257e-04	2.362520e-04
714           	2.169692e-04	7.985035e-05	2.205705e-04	2.366053e-04
715           	2.164468e-04	7.981366e-05	2.203228e-04	2.363175e-04
716           	2.161505e-04	7.979445e-05	2.202179e-04	2.363139e-04
717           	2.166633e-04	7.975715e-05	2.202504e-04	2.362128e-04
718           	2.166547e-04	7.981884e-05	2.204331e-04	2.365200e-04
719           	2.168365e-04	7.977615e-05	2.204093e-04	2.362664e-04
720           	2.169982e-04	7.978880e-05	2.205404e-04	2.365237e-04
721           	2.168337e-04	7.976776e-05	2.203246e-04	2.363395e-04
722           	2.161861e-04	7.983370e-05	2.203011e-04	2.364901e-04
723           	2.162375e-04	7.977429e-05	2.202203e-04	2.361948e-04
724           	2.162223e-04	7.977671e-05	2.203120e-04	2.362618e-04
725           	2.166721e-04	7.971064e-05	2.202838e-04	2.360665e-04
726           	2.169934e-04	7.981661e-05	2.204600e-04	2.365477e-04
727           	2.167340e-04	7.981599e-05	2.203208e-04	2.363922e-04
728           	2.163398e-04	7.978946e-05	2.202897e-04	2.363798e-04
729           	2.165719e-04	7.972513e-05	2.202182e-04	2.361614e-04
730           	2.163910e-04	7.980954e-05	2.203340e-04	2.364127e-04
731           	2.163057e-04	7.975422e-05	2.202761e-04	2.361217e-04
732           	2.169156e-04	7.976104e-05	2.204039e-04	2.364097e-04
733           	2.170184e-04	7.976499e-05	2.203451e-04	2.364036e-04
734           	2.162667e-04	7.983550e-05	2.203564e-04	2.365260e-04
735           	2.161642e-04	7.978040e-05	2.202119e-04	2.361534e-04
736           	2.163819e-04	7.978258e-05	2.203012e-04	2.362800e-04
737           	2.171072e-04	7.973464e-05	2.203666e-04	2.361988e-04
738           	2.171503e-04	7.982490e-05	2.205992e-04	2.366259e-04
739           	2.164036e-04	7.981842e-05	2.203661e-04	2.363596e-04
740           	2.161534e-04	7.979913e-05	2.202670e-04	2.363468e-04
741           	2.166661e-04	7.973863e-05	2.202603e-04	2.361936e-04
742           	2.162798e-04	7.981804e-05	2.204045e-04	2.364050e-04
743           	2.163019e-04	7.976104e-05	2.203096e-04	2.360774e-04
744           	2.170955e-04	7.979479e-05	2.204381e-04	2.364056e-04
745           	2.170084e-04	7.978653e-05	2.203632e-04	2.363745e-04
746           	2.163701e-04	7.982320e-05	2.203425e-04	2.365113e-04
747           	2.165832e-04	7.978212e-05	2.203068e-04	2.362433e-04
748           	2.163530e-04	7.978082e-05	2.204155e-04	2.363454e-04
749           	2.166817e-04	7.973204e-05	2.203304e-04	2.361065e-04
750           	2.169060e-04	7.982427e-05	2.204799e-04	2.365420e-04
751           	2.167332e-04	7.979323e-05	2.203206e-04	2.363659e-04
752           	2.164032e-04	7.980991e-05	2.203116e-04	2.363823e-04
753           	2.165878e-04	7.976930e-05	2.202805e-04	2.362009e-04
754           	2.164347e-04	7.982500e-05	2.203789e-04	2.364538e-04
755           	2.167214e-04	7.974818e-05	2.203183e-04	2.361476e-04
756           	2.171483e-04	7.978602e-05	2.204717e-04	2.364543e-04
757           	2.171238e-04	7.981025e-05	2.203888e-04	2.364277e-04
758           	2.162292e-04	7.981006e-05	2.203645e-04	2.365382e-04
759           	2.162776e-04	7.973124e-05	2.202138e-04	2.361500e-04
760           	2.166092e-04	7.979408e-05	2.203387e-04	2.363346e-04
761           	2.170424e-04	7.975521e-05	2.203979e-04	2.362170e-04
762           	2.169806e-04	7.984094e-05	2.205600e-04	2.365843e-04
763           	2.165545e-04	7.981488e-05	2.203248e-04	2.363284e-04
764           	2.163435e-04	7.980565e-05	2.202558e-04	2.363421e-04
765           	2.168345e-04	7.977946e-05	2.203157e-04	2.362588e-04
766           	2.166659e-04	7.983377e-05	2.204936e-04	2.364904e-04
767           	2.166190e-04	7.976674e-05	2.203944e-04	2.361377e-04
768           	2.170754e-04	7.978957e-05	2.205158e-04	2.364455e-04
769           	2.168332e-04	7.979571e-05	2.203886e-04	2.363749e-04
770           	2.162387e-04	7.985714e-05	2.203753e-04	2.364785e-04
771           	2.165370e-04	7.978753e-05	2.203162e-04	2.361813e-04
772           	2.167020e-04	7.979694e-05	2.204514e-04	2.363456e-04
773           	2.169792e-04	7.976281e-05	2.204466e-04	2.361843e-04
774           	2.171550e-04	7.985239e-05	2.205700e-04	2.366102e-04
775           	2.170987e-04	7.983650e-05	2.204455e-04	2.364398e-04
776           	2.166081e-04	7.981631e-05	2.204118e-04	2.364441e-04
777           	2.168994e-04	7.976977e-05	2.203490e-04	2.362299e-04
778           	2.166928e-04	7.984332e-05	2.204731e-04	2.364888e-04
779           	2.166846e-04	7.978342e-05	2.204292e-04	2.362146e-04
780           	2.169890e-04	7.981384e-05	2.205098e-04	2.364494e-04
781           	2.168984e-04	7.979290e-05	2.203492e-04	2.363182e-04
782           	2.163655e-04	7.984350e-05	2.203205e-04	2.364739e-04
783           	2.164541e-04	7.979233e-05	2.202677e-04	2.362017e-04
784           	2.165983e-04	7.978950e-05	2.203749e-04	2.363121e-04
785           	2.172521e-04	7.974324e-05	2.203945e-04	2.361734e-04
786           	2.172410e-04	7.981485e-05	2.205941e-04	2.366341e-04
787           	2.164769e-04	7.980452e-05	2.203414e-04	2.363527e-04
788           	2.162449e-04	7.981444e-05	2.202400e-04	2.363422e-04
789           	2.169042e-04	7.975215e-05	2.202717e-04	2.362151e-04
790           	2.164907e-04	7.982792e-05	2.204466e-04	2.364591e-04
791           	2.165647e-04	7.977810e-05	2.203555e-04	2.361324e-04
792           	2.174646e-04	7.981890e-05	2.205169e-04	2.364712e-04
793           	2.174916e-04	7.981714e-05	2.204742e-04	2.364716e-04
794           	2.168241e-04	7.986778e-05	2.204972e-04	2.366116e-04
795           	2.167635e-04	7.983922e-05	2.204422e-04	2.363234e-04
796           	2.166180e-04	7.979881e-05	2.205098e-04	2.363933e-04
797           	2.170315e-04	7.972879e-05	2.204013e-04	2.361367e-04
798           	2.172268e-04	7.986245e-05	2.205795e-04	2.365580e-04
799           	2.166881e-04	7.985361e-05	2.204232e-04	2.363672e-04
800           	2.162455e-04	7.981042e-05	2.203230e-04	2.363257e-04
