# Force coefficients
# liftDir     : (0.000000e+00 0.000000e+00 1.000000e+00)
# dragDir     : (1.000000e+00 0.000000e+00 0.000000e+00)
# pitchAxis   : (0.000000e+00 1.000000e+00 0.000000e+00)
# magUInf     : 2.000000e+01
# lRef        : 4.200000e+01
# Aref        : 1.400000e+03
# CofR        : (0.000000e+00 0.000000e+00 0.000000e+00)
# Time        	Cm            	Cd            	Cl            	Cl(f)         	Cl(r)         
0             	5.464512e-03	2.386127e-02	-3.196746e-07	5.464352e-03	-5.464672e-03
1             	7.979114e-01	4.054193e+01	2.267434e+00	1.931628e+00	3.358056e-01
2             	4.314679e-01	1.853695e+01	3.184343e+00	2.023639e+00	1.160703e+00
3             	1.442027e-01	2.869075e+00	1.990473e+00	1.139439e+00	8.510337e-01
4             	8.773204e-02	3.599742e-01	1.263641e+00	7.195525e-01	5.440884e-01
5             	6.472574e-02	-2.197397e-01	5.830018e-01	3.562266e-01	2.267752e-01
6             	5.353969e-02	-1.606425e-01	4.189263e-01	2.630028e-01	1.559235e-01
7             	2.084016e-02	4.584511e-02	1.903350e-01	1.160077e-01	7.432737e-02
8             	-3.917865e-02	-7.404448e-01	4.784094e-02	-1.525818e-02	6.309912e-02
9             	6.657074e-03	-2.030901e-01	-7.436323e-02	-3.052454e-02	-4.383869e-02
10            	1.646743e+00	2.008846e+01	-1.154755e+00	1.069366e+00	-2.224120e+00
11            	-1.996604e+01	-1.080749e+02	8.263717e+01	2.135255e+01	6.128462e+01
12            	1.011731e+01	2.961316e+02	1.350841e+02	7.765935e+01	5.742474e+01
13            	1.191658e+01	2.405406e+02	1.354063e+02	7.961973e+01	5.578658e+01
14            	4.840555e+00	5.224627e+01	1.369057e+02	7.329340e+01	6.361229e+01
15            	2.123114e+00	-4.613749e-01	1.346806e+02	6.946341e+01	6.521718e+01
16            	1.512191e+00	3.210295e+00	1.556579e+02	7.934113e+01	7.631675e+01
17            	6.315930e-01	3.632901e+01	1.833729e+02	9.231806e+01	9.105487e+01
18            	-2.473463e+00	3.597750e+01	1.875483e+02	9.130069e+01	9.624761e+01
19            	-5.505838e+00	1.767917e+01	6.312476e+01	2.605654e+01	3.706822e+01
20            	-7.787541e+00	7.377218e+00	3.862102e+00	-5.856490e+00	9.718592e+00
21            	-7.287409e+00	1.176112e+01	-3.896251e+01	-2.676866e+01	-1.219385e+01
22            	-5.380536e+00	2.097336e+01	-6.304884e+01	-3.690495e+01	-2.614388e+01
23            	-3.125331e+00	1.676601e+01	-7.729187e+01	-4.177126e+01	-3.552060e+01
24            	-1.851147e+00	-1.024683e+01	-4.620355e+01	-2.495292e+01	-2.125063e+01
25            	-1.745635e+00	-3.075113e+01	-1.168820e+01	-7.589733e+00	-4.098463e+00
26            	-2.092259e+00	-3.727130e+01	-8.521128e+00	-6.352823e+00	-2.168305e+00
27            	-2.364003e+00	-4.058175e+01	-6.638148e+00	-5.683077e+00	-9.550707e-01
28            	-2.398173e+00	-4.074608e+01	-1.213992e+00	-3.005168e+00	1.791177e+00
29            	-2.364680e+00	-3.883750e+01	3.861257e+00	-4.340520e-01	4.295309e+00
30            	-2.215850e+00	-3.520532e+01	5.779741e+00	6.740206e-01	5.105720e+00
31            	-1.977355e+00	-3.091357e+01	4.922335e+00	4.838121e-01	4.438523e+00
32            	-1.704538e+00	-2.701588e+01	-1.385113e+00	-2.397095e+00	1.011982e+00
33            	-1.454325e+00	-2.338506e+01	-9.982826e+00	-6.445738e+00	-3.537087e+00
34            	-1.248326e+00	-2.002651e+01	-1.594862e+01	-9.222637e+00	-6.725985e+00
35            	-1.102008e+00	-1.731685e+01	-1.873651e+01	-1.047026e+01	-8.266249e+00
36            	-9.920510e-01	-1.513467e+01	-2.026650e+01	-1.112530e+01	-9.141198e+00
37            	-8.975139e-01	-1.326567e+01	-2.096833e+01	-1.138168e+01	-9.586649e+00
38            	-8.000321e-01	-1.142203e+01	-2.082049e+01	-1.121028e+01	-9.610215e+00
39            	-7.056092e-01	-9.722983e+00	-1.787284e+01	-9.642030e+00	-8.230812e+00
40            	-6.212964e-01	-8.370642e+00	-1.523125e+01	-8.236922e+00	-6.994329e+00
41            	-5.449165e-01	-7.216651e+00	-1.433562e+01	-7.712727e+00	-6.622894e+00
42            	-4.785035e-01	-6.262734e+00	-1.452083e+01	-7.738917e+00	-6.781911e+00
43            	-4.177840e-01	-5.313095e+00	-1.864971e+01	-9.742637e+00	-8.907069e+00
44            	-3.617943e-01	-4.301388e+00	-2.320686e+01	-1.196523e+01	-1.124164e+01
45            	-3.086068e-01	-3.316845e+00	-2.670806e+01	-1.366264e+01	-1.304542e+01
46            	-2.633210e-01	-2.543508e+00	-2.728924e+01	-1.390794e+01	-1.338130e+01
47            	-2.255262e-01	-2.101433e+00	-2.046685e+01	-1.045895e+01	-1.000790e+01
48            	-1.941902e-01	-1.838199e+00	-1.443093e+01	-7.409656e+00	-7.021276e+00
49            	-1.644775e-01	-1.532698e+00	-1.102200e+01	-5.675477e+00	-5.346522e+00
50            	-1.384054e-01	-1.218785e+00	-1.032564e+01	-5.301224e+00	-5.024413e+00
51            	-1.150128e-01	-9.394088e-01	-1.002019e+01	-5.125108e+00	-4.895083e+00
52            	-9.532506e-02	-6.976620e-01	-9.967327e+00	-5.078989e+00	-4.888338e+00
53            	-7.751132e-02	-4.771763e-01	-1.020376e+01	-5.179391e+00	-5.024369e+00
54            	-6.219895e-02	-2.692321e-01	-1.067002e+01	-5.397209e+00	-5.272811e+00
55            	-4.838280e-02	-7.738232e-02	-1.120348e+01	-5.650122e+00	-5.553356e+00
56            	-3.649202e-02	9.290892e-02	-1.157652e+01	-5.824754e+00	-5.751770e+00
57            	-2.594146e-02	2.411279e-01	-1.175707e+01	-5.904479e+00	-5.852596e+00
58            	-1.686502e-02	3.699756e-01	-1.177039e+01	-5.902058e+00	-5.868328e+00
59            	-8.643207e-03	4.875047e-01	-1.142322e+01	-5.720255e+00	-5.702969e+00
60            	-1.701512e-03	5.963140e-01	-1.126823e+01	-5.635814e+00	-5.632411e+00
61            	4.417287e-03	7.024852e-01	-1.122538e+01	-5.608275e+00	-5.617109e+00
62            	8.581689e-03	8.064389e-01	-1.117518e+01	-5.579008e+00	-5.596172e+00
63            	3.218520e-02	1.062411e+00	-1.115852e+01	-5.547074e+00	-5.611444e+00
64            	2.534325e-02	9.959689e-01	-1.103310e+01	-5.491205e+00	-5.541891e+00
65            	2.605475e-02	1.029682e+00	-1.060020e+01	-5.274047e+00	-5.326157e+00
66            	2.675542e-02	1.054815e+00	-1.016023e+01	-5.053360e+00	-5.106871e+00
67            	2.842307e-02	1.076675e+00	-9.715182e+00	-4.829168e+00	-4.886014e+00
68            	2.923285e-02	1.086402e+00	-9.331635e+00	-4.636585e+00	-4.695050e+00
69            	2.980948e-02	1.097722e+00	-9.029963e+00	-4.485172e+00	-4.544791e+00
70            	2.978744e-02	1.104118e+00	-8.789932e+00	-4.365179e+00	-4.424754e+00
71            	3.012919e-02	1.114885e+00	-8.577430e+00	-4.258586e+00	-4.318844e+00
72            	2.637133e-02	1.101150e+00	-8.441089e+00	-4.194173e+00	-4.246916e+00
73            	-1.434586e-02	8.462317e-01	-8.223136e+00	-4.125914e+00	-4.097222e+00
74            	4.849570e-04	1.102177e+00	-8.014380e+00	-4.006705e+00	-4.007675e+00
75            	4.062330e-03	1.175347e+00	-7.764171e+00	-3.878023e+00	-3.886148e+00
76            	1.388381e-02	1.194259e+00	-7.669445e+00	-3.820839e+00	-3.848606e+00
77            	2.914791e-02	1.264754e+00	-7.614770e+00	-3.778237e+00	-3.836533e+00
78            	3.541704e-02	1.282262e+00	-7.547543e+00	-3.738354e+00	-3.809188e+00
79            	3.866392e-02	1.282059e+00	-7.508619e+00	-3.715645e+00	-3.792973e+00
80            	3.985266e-02	1.271304e+00	-7.484985e+00	-3.702640e+00	-3.782345e+00
81            	3.877946e-02	1.251067e+00	-7.466615e+00	-3.694528e+00	-3.772087e+00
82            	3.765397e-02	1.240252e+00	-7.450492e+00	-3.687592e+00	-3.762900e+00
83            	3.619868e-02	1.232122e+00	-7.432771e+00	-3.680187e+00	-3.752584e+00
84            	3.459550e-02	1.224917e+00	-7.422216e+00	-3.676512e+00	-3.745703e+00
85            	3.318355e-02	1.218699e+00	-7.443782e+00	-3.688707e+00	-3.755075e+00
86            	3.220397e-02	1.211479e+00	-7.557336e+00	-3.746464e+00	-3.810872e+00
87            	3.148105e-02	1.200185e+00	-7.653776e+00	-3.795407e+00	-3.858369e+00
88            	3.086996e-02	1.186652e+00	-7.709031e+00	-3.823646e+00	-3.885386e+00
89            	3.042986e-02	1.171958e+00	-7.750509e+00	-3.844825e+00	-3.905684e+00
90            	3.026111e-02	1.158593e+00	-7.845122e+00	-3.892300e+00	-3.952822e+00
91            	3.045765e-02	1.151063e+00	-7.942963e+00	-3.941024e+00	-4.001939e+00
92            	3.035238e-02	1.138721e+00	-8.005959e+00	-3.972627e+00	-4.033332e+00
93            	2.980986e-02	1.118664e+00	-8.086119e+00	-4.013249e+00	-4.072869e+00
94            	3.043363e-02	1.109664e+00	-8.153103e+00	-4.046118e+00	-4.106985e+00
95            	3.015307e-02	1.091315e+00	-8.213379e+00	-4.076537e+00	-4.136843e+00
96            	2.943619e-02	1.069129e+00	-8.270846e+00	-4.105987e+00	-4.164859e+00
97            	2.903575e-02	1.046095e+00	-8.295884e+00	-4.118906e+00	-4.176978e+00
98            	2.870590e-02	1.020636e+00	-8.283065e+00	-4.112827e+00	-4.170238e+00
99            	2.860059e-02	9.961381e-01	-8.244162e+00	-4.093480e+00	-4.150682e+00
100           	2.752643e-02	9.458923e-01	-7.982804e+00	-3.963876e+00	-4.018929e+00
101           	2.666092e-02	8.953019e-01	-7.375014e+00	-3.660846e+00	-3.714168e+00
102           	2.587606e-02	8.498990e-01	-6.869937e+00	-3.409093e+00	-3.460845e+00
103           	2.503532e-02	8.089641e-01	-6.312610e+00	-3.131270e+00	-3.181340e+00
104           	2.436016e-02	7.750103e-01	-5.790446e+00	-2.870863e+00	-2.919583e+00
105           	2.374500e-02	7.479459e-01	-5.330007e+00	-2.641259e+00	-2.688749e+00
106           	2.321308e-02	7.277228e-01	-4.995813e+00	-2.474694e+00	-2.521120e+00
107           	2.277085e-02	7.108025e-01	-4.734141e+00	-2.344300e+00	-2.389841e+00
108           	2.241263e-02	7.005387e-01	-4.513444e+00	-2.234310e+00	-2.279135e+00
109           	2.212460e-02	6.919028e-01	-4.290244e+00	-2.122997e+00	-2.167247e+00
110           	2.185070e-02	6.827988e-01	-4.049612e+00	-2.002955e+00	-2.046657e+00
111           	2.160514e-02	6.733201e-01	-3.817750e+00	-1.887270e+00	-1.930480e+00
112           	2.145116e-02	6.694858e-01	-3.648274e+00	-1.802686e+00	-1.845588e+00
113           	2.136073e-02	6.679910e-01	-3.506675e+00	-1.731977e+00	-1.774698e+00
114           	2.124129e-02	6.639618e-01	-3.333404e+00	-1.645461e+00	-1.687943e+00
115           	2.113142e-02	6.592404e-01	-3.156321e+00	-1.557029e+00	-1.599292e+00
116           	2.103684e-02	6.527975e-01	-2.982522e+00	-1.470224e+00	-1.512298e+00
117           	2.088892e-02	6.461496e-01	-2.830511e+00	-1.394366e+00	-1.436144e+00
118           	2.076990e-02	6.397680e-01	-2.701964e+00	-1.330212e+00	-1.371752e+00
119           	2.065678e-02	6.336307e-01	-2.598440e+00	-1.278563e+00	-1.319877e+00
120           	2.053331e-02	6.270375e-01	-2.534334e+00	-1.246633e+00	-1.287700e+00
121           	2.043700e-02	6.219278e-01	-2.514166e+00	-1.236646e+00	-1.277520e+00
122           	2.031016e-02	6.149742e-01	-2.501127e+00	-1.230253e+00	-1.270873e+00
123           	2.015939e-02	6.064826e-01	-2.492628e+00	-1.226155e+00	-1.266473e+00
124           	2.000456e-02	5.981833e-01	-2.484603e+00	-1.222297e+00	-1.262306e+00
125           	1.983776e-02	5.891214e-01	-2.473662e+00	-1.216993e+00	-1.256669e+00
126           	1.964009e-02	5.786757e-01	-2.455117e+00	-1.207919e+00	-1.247199e+00
127           	1.941828e-02	5.670142e-01	-2.425493e+00	-1.193328e+00	-1.232165e+00
128           	1.923634e-02	5.584934e-01	-2.402043e+00	-1.181785e+00	-1.220258e+00
129           	1.907163e-02	5.509725e-01	-2.380042e+00	-1.170949e+00	-1.209092e+00
130           	1.890837e-02	5.438466e-01	-2.356760e+00	-1.159472e+00	-1.197288e+00
131           	1.875043e-02	5.370013e-01	-2.331686e+00	-1.147092e+00	-1.184593e+00
132           	1.862644e-02	5.325857e-01	-2.318787e+00	-1.140767e+00	-1.178020e+00
133           	1.851340e-02	5.285764e-01	-2.305606e+00	-1.134290e+00	-1.171316e+00
134           	1.839950e-02	5.246712e-01	-2.287366e+00	-1.125284e+00	-1.162083e+00
135           	1.829849e-02	5.212992e-01	-2.267247e+00	-1.115325e+00	-1.151922e+00
136           	1.820584e-02	5.185795e-01	-2.244831e+00	-1.104210e+00	-1.140621e+00
137           	1.812392e-02	5.161785e-01	-2.218913e+00	-1.091332e+00	-1.127580e+00
138           	1.805312e-02	5.145571e-01	-2.196277e+00	-1.080085e+00	-1.116192e+00
139           	1.799045e-02	5.130095e-01	-2.166626e+00	-1.065323e+00	-1.101304e+00
140           	1.793808e-02	5.120947e-01	-2.140725e+00	-1.052424e+00	-1.088301e+00
141           	1.787925e-02	5.102358e-01	-2.093583e+00	-1.028912e+00	-1.064671e+00
142           	1.784811e-02	5.101118e-01	-2.072943e+00	-1.018624e+00	-1.054320e+00
143           	1.781650e-02	5.093376e-01	-2.024697e+00	-9.945320e-01	-1.030165e+00
144           	1.778795e-02	5.085731e-01	-1.977878e+00	-9.711508e-01	-1.006727e+00
145           	1.774669e-02	5.064157e-01	-1.909960e+00	-9.372332e-01	-9.727266e-01
146           	1.770591e-02	5.043114e-01	-1.845488e+00	-9.050382e-01	-9.404500e-01
147           	1.768902e-02	5.033037e-01	-1.794922e+00	-8.797720e-01	-9.151500e-01
148           	1.768905e-02	5.031866e-01	-1.752637e+00	-8.586295e-01	-8.940076e-01
149           	1.770820e-02	5.035799e-01	-1.715207e+00	-8.398955e-01	-8.753119e-01
150           	1.774507e-02	5.047875e-01	-1.678744e+00	-8.216269e-01	-8.571171e-01
151           	1.778812e-02	5.057330e-01	-1.645320e+00	-8.048719e-01	-8.404482e-01
152           	1.784378e-02	5.072901e-01	-1.611106e+00	-7.877092e-01	-8.233967e-01
153           	1.790419e-02	5.086056e-01	-1.578607e+00	-7.713991e-01	-8.072075e-01
154           	1.797589e-02	5.105702e-01	-1.544893e+00	-7.544704e-01	-7.904221e-01
155           	1.805067e-02	5.123010e-01	-1.512515e+00	-7.382070e-01	-7.743083e-01
156           	1.812686e-02	5.141980e-01	-1.480296e+00	-7.220212e-01	-7.582749e-01
157           	1.821785e-02	5.166391e-01	-1.446687e+00	-7.051259e-01	-7.415616e-01
158           	1.830102e-02	5.188237e-01	-1.414543e+00	-6.889706e-01	-7.255726e-01
159           	1.838491e-02	5.208330e-01	-1.382791e+00	-6.730105e-01	-7.097803e-01
160           	1.846493e-02	5.228713e-01	-1.351341e+00	-6.572056e-01	-6.941355e-01
161           	1.854564e-02	5.248396e-01	-1.320045e+00	-6.414768e-01	-6.785681e-01
162           	1.861658e-02	5.266552e-01	-1.290398e+00	-6.265826e-01	-6.638157e-01
163           	1.868618e-02	5.283383e-01	-1.260925e+00	-6.117764e-01	-6.491488e-01
164           	1.875119e-02	5.300880e-01	-1.231266e+00	-5.968818e-01	-6.343842e-01
165           	1.881486e-02	5.317447e-01	-1.201374e+00	-5.818721e-01	-6.195019e-01
166           	1.887357e-02	5.334859e-01	-1.171616e+00	-5.669342e-01	-6.046814e-01
167           	1.893101e-02	5.351583e-01	-1.142062e+00	-5.520999e-01	-5.899619e-01
168           	1.898293e-02	5.368611e-01	-1.112804e+00	-5.374192e-01	-5.753851e-01
169           	1.903262e-02	5.384324e-01	-1.083759e+00	-5.228470e-01	-5.609122e-01
170           	1.907345e-02	5.392478e-01	-1.079699e+00	-5.207761e-01	-5.589230e-01
171           	1.910788e-02	5.409367e-01	-1.017591e+00	-4.896876e-01	-5.279034e-01
172           	1.914044e-02	5.416561e-01	-1.014599e+00	-4.881592e-01	-5.264401e-01
173           	1.917054e-02	5.435447e-01	-9.578128e-01	-4.597359e-01	-4.980769e-01
174           	1.919817e-02	5.442280e-01	-9.548162e-01	-4.582099e-01	-4.966063e-01
175           	1.922476e-02	5.461511e-01	-9.027629e-01	-4.321567e-01	-4.706062e-01
176           	1.924924e-02	5.467064e-01	-8.996818e-01	-4.305917e-01	-4.690902e-01
177           	1.926791e-02	5.482486e-01	-8.489826e-01	-4.052234e-01	-4.437592e-01
178           	1.928792e-02	5.486172e-01	-8.456585e-01	-4.035413e-01	-4.421172e-01
179           	1.929931e-02	5.498171e-01	-7.963126e-01	-3.788570e-01	-4.174556e-01
180           	1.931461e-02	5.500363e-01	-7.906454e-01	-3.760081e-01	-4.146373e-01
181           	1.932131e-02	5.510629e-01	-7.436170e-01	-3.524872e-01	-3.911298e-01
182           	1.933165e-02	5.511483e-01	-7.383469e-01	-3.498418e-01	-3.885051e-01
183           	1.933210e-02	5.519120e-01	-6.948409e-01	-3.280884e-01	-3.667526e-01
184           	1.933765e-02	5.518913e-01	-6.895336e-01	-3.254292e-01	-3.641045e-01
185           	1.933135e-02	5.523582e-01	-6.461377e-01	-3.037375e-01	-3.424002e-01
186           	1.933242e-02	5.522582e-01	-6.410188e-01	-3.011770e-01	-3.398418e-01
187           	1.931952e-02	5.523913e-01	-5.976930e-01	-2.795270e-01	-3.181660e-01
188           	1.931701e-02	5.522594e-01	-5.928048e-01	-2.770854e-01	-3.157194e-01
189           	1.929840e-02	5.520666e-01	-5.491642e-01	-2.552837e-01	-2.938805e-01
190           	1.929275e-02	5.519189e-01	-5.449604e-01	-2.531874e-01	-2.917729e-01
191           	1.926780e-02	5.513574e-01	-4.999717e-01	-2.307180e-01	-2.692536e-01
192           	1.925991e-02	5.512225e-01	-4.959485e-01	-2.287144e-01	-2.672342e-01
193           	1.923007e-02	5.503543e-01	-4.502344e-01	-2.058871e-01	-2.443473e-01
194           	1.921980e-02	5.502259e-01	-4.458060e-01	-2.036832e-01	-2.421228e-01
195           	1.918634e-02	5.491352e-01	-3.986175e-01	-1.801224e-01	-2.184951e-01
196           	1.917476e-02	5.490206e-01	-3.931384e-01	-1.773944e-01	-2.157439e-01
197           	1.913997e-02	5.478143e-01	-3.461670e-01	-1.539435e-01	-1.922235e-01
198           	1.912671e-02	5.476776e-01	-3.393446e-01	-1.505456e-01	-1.887990e-01
199           	1.909162e-02	5.464290e-01	-2.934965e-01	-1.276566e-01	-1.658399e-01
200           	1.906858e-02	5.459522e-01	-2.690929e-01	-1.154779e-01	-1.536150e-01
201           	1.904784e-02	5.454266e-01	-2.444531e-01	-1.031787e-01	-1.412744e-01
202           	1.902553e-02	5.448647e-01	-2.200601e-01	-9.100454e-02	-1.290556e-01
203           	1.900403e-02	5.442316e-01	-1.969412e-01	-7.946659e-02	-1.174746e-01
204           	1.899003e-02	5.439344e-01	-1.859493e-01	-7.398460e-02	-1.119647e-01
205           	1.896162e-02	5.429450e-01	-1.584801e-01	-6.027842e-02	-9.820166e-02
206           	1.894689e-02	5.426557e-01	-1.511510e-01	-5.662862e-02	-9.452240e-02
207           	1.892322e-02	5.419824e-01	-1.307844e-01	-4.646899e-02	-8.431544e-02
208           	1.890651e-02	5.417328e-01	-1.197851e-01	-4.098605e-02	-7.879907e-02
209           	1.889404e-02	5.415651e-01	-1.112405e-01	-3.672622e-02	-7.451430e-02
210           	1.888150e-02	5.414341e-01	-1.044600e-01	-3.334852e-02	-7.111153e-02
211           	1.887005e-02	5.412028e-01	-9.964771e-02	-3.095381e-02	-6.869390e-02
212           	1.885748e-02	5.409819e-01	-9.638468e-02	-2.933486e-02	-6.704982e-02
213           	1.884650e-02	5.407332e-01	-9.333557e-02	-2.782129e-02	-6.551428e-02
214           	1.883555e-02	5.406048e-01	-9.032372e-02	-2.632630e-02	-6.399741e-02
215           	1.882706e-02	5.404670e-01	-8.700975e-02	-2.467782e-02	-6.233193e-02
216           	1.881834e-02	5.404145e-01	-8.337336e-02	-2.286833e-02	-6.050502e-02
217           	1.881072e-02	5.402512e-01	-7.952332e-02	-2.095094e-02	-5.857238e-02
218           	1.880162e-02	5.401169e-01	-7.582406e-02	-1.911041e-02	-5.671365e-02
219           	1.879378e-02	5.398709e-01	-7.207190e-02	-1.724217e-02	-5.482974e-02
220           	1.878520e-02	5.396869e-01	-6.832999e-02	-1.537980e-02	-5.295019e-02
221           	1.877865e-02	5.394594e-01	-6.446871e-02	-1.345570e-02	-5.101301e-02
222           	1.877172e-02	5.393178e-01	-6.059087e-02	-1.152372e-02	-4.906715e-02
223           	1.876678e-02	5.391307e-01	-5.666227e-02	-9.564358e-03	-4.709791e-02
224           	1.876139e-02	5.390193e-01	-5.280044e-02	-7.638830e-03	-4.516161e-02
225           	1.875791e-02	5.388580e-01	-4.901431e-02	-5.749239e-03	-4.326507e-02
226           	1.875378e-02	5.387558e-01	-4.534246e-02	-3.917450e-03	-4.142501e-02
227           	1.875138e-02	5.386053e-01	-4.179543e-02	-2.146337e-03	-3.964909e-02
228           	1.874864e-02	5.385136e-01	-3.839958e-02	-4.511497e-04	-3.794843e-02
229           	1.874728e-02	5.383765e-01	-3.516682e-02	1.163867e-03	-3.633069e-02
230           	1.874534e-02	5.382928e-01	-3.212899e-02	2.680846e-03	-3.480983e-02
231           	1.874435e-02	5.381690e-01	-2.926143e-02	4.113631e-03	-3.337506e-02
232           	1.874235e-02	5.380931e-01	-2.656159e-02	5.461552e-03	-3.202314e-02
233           	1.874064e-02	5.379769e-01	-2.395041e-02	6.765439e-03	-3.071585e-02
234           	1.873721e-02	5.379010e-01	-2.151770e-02	7.978356e-03	-2.949606e-02
235           	1.873462e-02	5.377950e-01	-1.921509e-02	9.127080e-03	-2.834217e-02
236           	1.873024e-02	5.377218e-01	-1.705728e-02	1.020160e-02	-2.725888e-02
237           	1.872751e-02	5.376196e-01	-1.497239e-02	1.124132e-02	-2.621371e-02
238           	1.872202e-02	5.375353e-01	-1.297326e-02	1.223540e-02	-2.520865e-02
239           	1.871950e-02	5.374403e-01	-1.109641e-02	1.317129e-02	-2.426770e-02
240           	1.871429e-02	5.373639e-01	-9.362998e-03	1.403279e-02	-2.339578e-02
241           	1.871201e-02	5.372753e-01	-7.698177e-03	1.486292e-02	-2.256110e-02
242           	1.870717e-02	5.372014e-01	-6.057803e-03	1.567827e-02	-2.173607e-02
243           	1.870486e-02	5.371108e-01	-4.531204e-03	1.643926e-02	-2.097047e-02
244           	1.870084e-02	5.370445e-01	-3.137349e-03	1.713216e-02	-2.026951e-02
245           	1.869857e-02	5.369545e-01	-1.807063e-03	1.779504e-02	-1.960211e-02
246           	1.869499e-02	5.368916e-01	-5.107960e-04	1.843959e-02	-1.895039e-02
247           	1.869283e-02	5.368042e-01	6.947838e-04	1.904022e-02	-1.834544e-02
248           	1.868987e-02	5.367514e-01	1.767763e-03	1.957375e-02	-1.780599e-02
249           	1.868778e-02	5.366693e-01	2.790143e-03	2.008285e-02	-1.729271e-02
250           	1.868539e-02	5.366229e-01	3.772412e-03	2.057159e-02	-1.679918e-02
251           	1.868317e-02	5.365417e-01	4.660322e-03	2.101333e-02	-1.635301e-02
252           	1.868098e-02	5.365001e-01	5.452886e-03	2.140742e-02	-1.595453e-02
253           	1.867919e-02	5.364227e-01	6.224857e-03	2.179162e-02	-1.556676e-02
254           	1.867676e-02	5.363753e-01	6.973483e-03	2.216351e-02	-1.519002e-02
255           	1.867546e-02	5.363033e-01	7.642229e-03	2.249657e-02	-1.485434e-02
256           	1.867300e-02	5.362579e-01	8.238800e-03	2.279240e-02	-1.455360e-02
257           	1.867238e-02	5.362000e-01	8.840855e-03	2.309281e-02	-1.425196e-02
258           	1.866987e-02	5.361575e-01	9.355202e-03	2.334747e-02	-1.399226e-02
259           	1.866979e-02	5.361073e-01	9.782633e-03	2.356110e-02	-1.377847e-02
260           	1.866715e-02	5.360608e-01	1.015039e-02	2.374234e-02	-1.359196e-02
261           	1.866727e-02	5.360080e-01	1.048076e-02	2.390765e-02	-1.342689e-02
262           	1.866427e-02	5.359548e-01	1.071749e-02	2.402301e-02	-1.330552e-02
263           	1.866433e-02	5.359028e-01	1.092380e-02	2.412623e-02	-1.320244e-02
264           	1.866135e-02	5.358462e-01	1.110368e-02	2.421318e-02	-1.310951e-02
265           	1.866128e-02	5.357946e-01	1.124837e-02	2.428547e-02	-1.303710e-02
266           	1.865859e-02	5.357435e-01	1.134768e-02	2.433243e-02	-1.298475e-02
267           	1.865844e-02	5.356920e-01	1.146706e-02	2.439197e-02	-1.292491e-02
268           	1.865599e-02	5.356440e-01	1.154401e-02	2.442799e-02	-1.288398e-02
269           	1.865582e-02	5.355963e-01	1.160680e-02	2.445922e-02	-1.285243e-02
270           	1.865379e-02	5.355542e-01	1.167422e-02	2.449090e-02	-1.281668e-02
271           	1.865353e-02	5.355072e-01	1.174319e-02	2.452512e-02	-1.278194e-02
272           	1.865214e-02	5.354768e-01	1.176570e-02	2.453499e-02	-1.276929e-02
273           	1.865128e-02	5.354216e-01	1.183408e-02	2.456832e-02	-1.273424e-02
274           	1.865016e-02	5.353865e-01	1.191997e-02	2.461014e-02	-1.269017e-02
275           	1.864891e-02	5.353214e-01	1.203164e-02	2.466473e-02	-1.263309e-02
276           	1.864794e-02	5.352902e-01	1.216973e-02	2.473281e-02	-1.256308e-02
277           	1.864669e-02	5.352271e-01	1.244790e-02	2.487064e-02	-1.242274e-02
278           	1.864572e-02	5.352019e-01	1.285742e-02	2.507443e-02	-1.221702e-02
279           	1.864479e-02	5.351499e-01	1.333184e-02	2.531071e-02	-1.197887e-02
280           	1.864399e-02	5.351336e-01	1.376591e-02	2.552694e-02	-1.176103e-02
281           	1.864340e-02	5.350922e-01	1.419116e-02	2.573898e-02	-1.154783e-02
282           	1.864254e-02	5.350789e-01	1.456337e-02	2.592422e-02	-1.136086e-02
283           	1.864250e-02	5.350440e-01	1.494296e-02	2.611398e-02	-1.117102e-02
284           	1.864107e-02	5.350262e-01	1.551511e-02	2.639862e-02	-1.088351e-02
285           	1.864144e-02	5.349994e-01	1.611634e-02	2.669961e-02	-1.058327e-02
286           	1.863986e-02	5.349827e-01	1.645113e-02	2.686543e-02	-1.041430e-02
287           	1.864049e-02	5.349616e-01	1.658777e-02	2.693438e-02	-1.034661e-02
288           	1.863866e-02	5.349329e-01	1.648177e-02	2.687954e-02	-1.039777e-02
289           	1.863893e-02	5.348851e-01	1.599981e-02	2.663884e-02	-1.063902e-02
290           	1.863697e-02	5.348460e-01	1.567025e-02	2.647210e-02	-1.080185e-02
291           	1.863742e-02	5.348155e-01	1.549402e-02	2.638443e-02	-1.089041e-02
292           	1.863625e-02	5.348091e-01	1.548872e-02	2.638061e-02	-1.089189e-02
293           	1.863647e-02	5.347757e-01	1.524765e-02	2.626030e-02	-1.101264e-02
294           	1.863552e-02	5.347713e-01	1.523456e-02	2.625280e-02	-1.101823e-02
295           	1.863548e-02	5.347333e-01	1.495030e-02	2.611063e-02	-1.116034e-02
296           	1.863473e-02	5.347315e-01	1.493642e-02	2.610294e-02	-1.116652e-02
297           	1.863441e-02	5.346893e-01	1.470609e-02	2.598745e-02	-1.128137e-02
298           	1.863368e-02	5.346895e-01	1.469206e-02	2.597970e-02	-1.128765e-02
299           	1.863343e-02	5.346536e-01	1.452619e-02	2.589652e-02	-1.137033e-02
300           	1.863266e-02	5.346550e-01	1.450998e-02	2.588766e-02	-1.137767e-02
301           	1.863249e-02	5.346179e-01	1.432216e-02	2.579357e-02	-1.147141e-02
302           	1.863182e-02	5.346207e-01	1.430571e-02	2.578468e-02	-1.147897e-02
303           	1.863166e-02	5.345821e-01	1.414624e-02	2.570478e-02	-1.155854e-02
304           	1.863116e-02	5.345868e-01	1.412857e-02	2.569544e-02	-1.156688e-02
305           	1.863104e-02	5.345463e-01	1.398727e-02	2.562468e-02	-1.163741e-02
306           	1.863039e-02	5.345475e-01	1.391028e-02	2.558553e-02	-1.167525e-02
307           	1.863025e-02	5.345097e-01	1.385926e-02	2.555988e-02	-1.170062e-02
308           	1.862921e-02	5.345053e-01	1.378199e-02	2.552021e-02	-1.173822e-02
309           	1.862916e-02	5.344738e-01	1.372925e-02	2.549378e-02	-1.176454e-02
310           	1.862819e-02	5.344704e-01	1.364962e-02	2.545300e-02	-1.180338e-02
311           	1.862811e-02	5.344422e-01	1.359484e-02	2.542553e-02	-1.183069e-02
312           	1.862719e-02	5.344382e-01	1.351875e-02	2.538656e-02	-1.186781e-02
313           	1.862736e-02	5.344136e-01	1.346441e-02	2.535956e-02	-1.189515e-02
314           	1.862633e-02	5.344097e-01	1.339384e-02	2.532325e-02	-1.192941e-02
315           	1.862672e-02	5.343906e-01	1.333992e-02	2.529667e-02	-1.195676e-02
316           	1.862572e-02	5.343867e-01	1.327511e-02	2.526327e-02	-1.198816e-02
317           	1.862638e-02	5.343724e-01	1.322494e-02	2.523886e-02	-1.201391e-02
318           	1.862540e-02	5.343667e-01	1.316465e-02	2.520772e-02	-1.204308e-02
319           	1.862591e-02	5.343486e-01	1.311372e-02	2.518277e-02	-1.206906e-02
320           	1.862497e-02	5.343451e-01	1.306153e-02	2.515574e-02	-1.209421e-02
321           	1.862539e-02	5.343247e-01	1.301111e-02	2.513095e-02	-1.211983e-02
322           	1.862446e-02	5.343216e-01	1.295835e-02	2.510364e-02	-1.214529e-02
323           	1.862470e-02	5.342998e-01	1.291408e-02	2.508175e-02	-1.216766e-02
324           	1.862382e-02	5.342978e-01	1.286270e-02	2.505517e-02	-1.219247e-02
325           	1.862413e-02	5.342781e-01	1.282166e-02	2.503496e-02	-1.221330e-02
326           	1.862335e-02	5.342776e-01	1.277239e-02	2.500954e-02	-1.223715e-02
327           	1.862370e-02	5.342600e-01	1.273498e-02	2.499119e-02	-1.225621e-02
328           	1.862306e-02	5.342620e-01	1.268794e-02	2.496703e-02	-1.227909e-02
329           	1.862357e-02	5.342456e-01	1.265433e-02	2.495073e-02	-1.229640e-02
330           	1.862275e-02	5.342454e-01	1.260703e-02	2.492626e-02	-1.231923e-02
331           	1.862322e-02	5.342285e-01	1.257820e-02	2.491233e-02	-1.233412e-02
332           	1.862240e-02	5.342283e-01	1.253120e-02	2.488800e-02	-1.235680e-02
333           	1.862272e-02	5.342106e-01	1.250415e-02	2.487479e-02	-1.237065e-02
334           	1.862207e-02	5.342135e-01	1.245730e-02	2.485072e-02	-1.239342e-02
335           	1.862214e-02	5.341909e-01	1.243386e-02	2.483907e-02	-1.240521e-02
336           	1.862163e-02	5.341931e-01	1.238885e-02	2.481605e-02	-1.242720e-02
337           	1.862157e-02	5.341685e-01	1.237057e-02	2.480685e-02	-1.243628e-02
338           	1.862105e-02	5.341718e-01	1.232692e-02	2.478451e-02	-1.245759e-02
339           	1.862112e-02	5.341504e-01	1.230981e-02	2.477603e-02	-1.246621e-02
340           	1.862082e-02	5.341587e-01	1.226861e-02	2.475513e-02	-1.248652e-02
341           	1.862092e-02	5.341401e-01	1.225042e-02	2.474613e-02	-1.249571e-02
342           	1.862076e-02	5.341512e-01	1.221240e-02	2.472696e-02	-1.251456e-02
343           	1.862067e-02	5.341298e-01	1.219213e-02	2.471673e-02	-1.252460e-02
344           	1.862034e-02	5.341414e-01	1.215671e-02	2.469870e-02	-1.254198e-02
345           	1.862040e-02	5.341228e-01	1.213364e-02	2.468722e-02	-1.255358e-02
346           	1.861987e-02	5.341321e-01	1.210104e-02	2.467039e-02	-1.256935e-02
347           	1.862021e-02	5.341163e-01	1.207758e-02	2.465900e-02	-1.258142e-02
348           	1.861949e-02	5.341212e-01	1.204795e-02	2.464346e-02	-1.259551e-02
349           	1.862008e-02	5.341070e-01	1.202719e-02	2.463367e-02	-1.260648e-02
350           	1.861929e-02	5.341101e-01	1.199988e-02	2.461923e-02	-1.261935e-02
351           	1.862005e-02	5.340987e-01	1.198147e-02	2.461078e-02	-1.262932e-02
352           	1.861921e-02	5.341016e-01	1.195596e-02	2.459719e-02	-1.264123e-02
353           	1.862002e-02	5.340918e-01	1.193954e-02	2.458980e-02	-1.265025e-02
354           	1.861885e-02	5.340884e-01	1.191340e-02	2.457555e-02	-1.266215e-02
355           	1.861966e-02	5.340790e-01	1.189924e-02	2.456927e-02	-1.267004e-02
356           	1.861836e-02	5.340722e-01	1.187350e-02	2.455511e-02	-1.268161e-02
357           	1.861922e-02	5.340645e-01	1.185995e-02	2.454919e-02	-1.268925e-02
358           	1.861796e-02	5.340589e-01	1.183386e-02	2.453489e-02	-1.270103e-02
359           	1.861884e-02	5.340516e-01	1.182162e-02	2.452965e-02	-1.270803e-02
360           	1.861773e-02	5.340496e-01	1.179528e-02	2.451537e-02	-1.272009e-02
361           	1.861849e-02	5.340409e-01	1.178522e-02	2.451109e-02	-1.272588e-02
362           	1.861778e-02	5.340447e-01	1.175779e-02	2.449667e-02	-1.273888e-02
363           	1.861832e-02	5.340336e-01	1.174904e-02	2.449284e-02	-1.274381e-02
364           	1.861795e-02	5.340395e-01	1.172141e-02	2.447866e-02	-1.275725e-02
365           	1.861817e-02	5.340228e-01	1.171583e-02	2.447608e-02	-1.276026e-02
366           	1.861789e-02	5.340303e-01	1.169066e-02	2.446322e-02	-1.277256e-02
367           	1.861783e-02	5.340096e-01	1.168603e-02	2.446084e-02	-1.277481e-02
368           	1.861754e-02	5.340187e-01	1.166260e-02	2.444884e-02	-1.278624e-02
369           	1.861737e-02	5.339979e-01	1.165736e-02	2.444605e-02	-1.278869e-02
370           	1.861718e-02	5.340085e-01	1.163472e-02	2.443454e-02	-1.279982e-02
371           	1.861699e-02	5.339900e-01	1.162867e-02	2.443133e-02	-1.280266e-02
372           	1.861691e-02	5.340017e-01	1.160729e-02	2.442056e-02	-1.281327e-02
373           	1.861697e-02	5.339876e-01	1.160046e-02	2.441720e-02	-1.281674e-02
374           	1.861677e-02	5.340001e-01	1.158065e-02	2.440710e-02	-1.282645e-02
375           	1.861716e-02	5.339918e-01	1.157273e-02	2.440352e-02	-1.283079e-02
376           	1.861686e-02	5.339979e-01	1.156475e-02	2.439923e-02	-1.283449e-02
377           	1.861748e-02	5.339964e-01	1.154437e-02	2.438966e-02	-1.284529e-02
378           	1.861725e-02	5.339977e-01	1.153782e-02	2.438617e-02	-1.284834e-02
379           	1.861806e-02	5.339950e-01	1.152093e-02	2.437853e-02	-1.285760e-02
380           	1.861705e-02	5.339904e-01	1.151499e-02	2.437454e-02	-1.285956e-02
381           	1.861794e-02	5.339900e-01	1.151129e-02	2.437359e-02	-1.286230e-02
382           	1.861569e-02	5.339730e-01	1.148192e-02	2.435665e-02	-1.287473e-02
383           	1.861681e-02	5.339742e-01	1.148080e-02	2.435721e-02	-1.287640e-02
384           	1.861588e-02	5.339708e-01	1.147589e-02	2.435383e-02	-1.287794e-02
385           	1.861735e-02	5.339706e-01	1.146024e-02	2.434747e-02	-1.288723e-02
386           	1.861604e-02	5.339662e-01	1.145331e-02	2.434270e-02	-1.288939e-02
387           	1.861753e-02	5.339701e-01	1.144967e-02	2.434236e-02	-1.289269e-02
388           	1.861550e-02	5.339617e-01	1.142891e-02	2.432995e-02	-1.290104e-02
389           	1.861691e-02	5.339644e-01	1.142805e-02	2.433094e-02	-1.290289e-02
390           	1.861601e-02	5.339648e-01	1.142313e-02	2.432757e-02	-1.290444e-02
391           	1.861734e-02	5.339653e-01	1.142136e-02	2.432802e-02	-1.290665e-02
392           	1.861601e-02	5.339647e-01	1.139608e-02	2.431405e-02	-1.291797e-02
393           	1.861736e-02	5.339636e-01	1.139620e-02	2.431546e-02	-1.291926e-02
394           	1.861633e-02	5.339632e-01	1.138899e-02	2.431083e-02	-1.292184e-02
395           	1.861733e-02	5.339601e-01	1.138908e-02	2.431187e-02	-1.292278e-02
396           	1.861639e-02	5.339583e-01	1.138156e-02	2.430717e-02	-1.292561e-02
397           	1.861747e-02	5.339487e-01	1.137323e-02	2.430408e-02	-1.293085e-02
398           	1.861646e-02	5.339476e-01	1.136558e-02	2.429925e-02	-1.293367e-02
399           	1.861751e-02	5.339457e-01	1.136577e-02	2.430039e-02	-1.293462e-02
400           	1.861645e-02	5.339441e-01	1.135837e-02	2.429563e-02	-1.293727e-02
401           	1.861769e-02	5.339438e-01	1.135867e-02	2.429702e-02	-1.293835e-02
402           	1.861628e-02	5.339377e-01	1.135030e-02	2.429143e-02	-1.294113e-02
403           	1.861775e-02	5.339386e-01	1.134914e-02	2.429232e-02	-1.294318e-02
404           	1.861603e-02	5.339302e-01	1.133991e-02	2.428598e-02	-1.294608e-02
405           	1.861773e-02	5.339329e-01	1.133683e-02	2.428614e-02	-1.294931e-02
406           	1.861576e-02	5.339231e-01	1.132743e-02	2.427947e-02	-1.295204e-02
407           	1.861766e-02	5.339278e-01	1.132241e-02	2.427886e-02	-1.295645e-02
408           	1.861560e-02	5.339178e-01	1.131353e-02	2.427236e-02	-1.295883e-02
409           	1.861756e-02	5.339232e-01	1.130731e-02	2.427122e-02	-1.296390e-02
410           	1.861549e-02	5.339146e-01	1.129900e-02	2.426499e-02	-1.296599e-02
411           	1.861753e-02	5.339209e-01	1.129314e-02	2.426410e-02	-1.297096e-02
412           	1.861566e-02	5.339143e-01	1.128663e-02	2.425897e-02	-1.297234e-02
413           	1.861756e-02	5.339214e-01	1.128108e-02	2.425810e-02	-1.297702e-02
414           	1.861600e-02	5.339172e-01	1.127575e-02	2.425387e-02	-1.297812e-02
415           	1.861749e-02	5.339219e-01	1.126986e-02	2.425242e-02	-1.298256e-02
416           	1.861616e-02	5.339189e-01	1.126640e-02	2.424936e-02	-1.298296e-02
417           	1.861726e-02	5.339214e-01	1.126178e-02	2.424815e-02	-1.298637e-02
418           	1.861616e-02	5.339183e-01	1.125896e-02	2.424564e-02	-1.298668e-02
419           	1.861699e-02	5.339192e-01	1.125522e-02	2.424460e-02	-1.298938e-02
420           	1.861601e-02	5.339157e-01	1.125297e-02	2.424250e-02	-1.298952e-02
421           	1.861676e-02	5.339162e-01	1.125000e-02	2.424176e-02	-1.299176e-02
422           	1.861591e-02	5.339127e-01	1.124801e-02	2.423992e-02	-1.299191e-02
423           	1.861670e-02	5.339139e-01	1.124590e-02	2.423965e-02	-1.299375e-02
424           	1.861589e-02	5.339117e-01	1.124328e-02	2.423753e-02	-1.299425e-02
425           	1.861695e-02	5.339143e-01	1.124205e-02	2.423797e-02	-1.299592e-02
426           	1.861596e-02	5.339122e-01	1.123775e-02	2.423483e-02	-1.299708e-02
427           	1.861723e-02	5.339158e-01	1.123732e-02	2.423589e-02	-1.299857e-02
428           	1.861588e-02	5.339113e-01	1.123134e-02	2.423155e-02	-1.300021e-02
429           	1.861732e-02	5.339147e-01	1.123170e-02	2.423317e-02	-1.300147e-02
430           	1.861562e-02	5.339081e-01	1.122511e-02	2.422817e-02	-1.300306e-02
431           	1.861722e-02	5.339110e-01	1.122579e-02	2.423012e-02	-1.300433e-02
432           	1.861527e-02	5.339032e-01	1.121959e-02	2.422507e-02	-1.300547e-02
433           	1.861697e-02	5.339052e-01	1.122034e-02	2.422714e-02	-1.300680e-02
434           	1.861505e-02	5.338983e-01	1.121458e-02	2.422234e-02	-1.300776e-02
435           	1.861662e-02	5.338992e-01	1.121546e-02	2.422435e-02	-1.300889e-02
436           	1.861494e-02	5.338951e-01	1.121011e-02	2.422000e-02	-1.300988e-02
437           	1.861656e-02	5.338977e-01	1.121087e-02	2.422200e-02	-1.301113e-02
438           	1.861504e-02	5.338955e-01	1.120619e-02	2.421813e-02	-1.301195e-02
439           	1.861666e-02	5.338976e-01	1.120611e-02	2.421972e-02	-1.301361e-02
440           	1.861516e-02	5.338966e-01	1.120228e-02	2.421630e-02	-1.301402e-02
441           	1.861681e-02	5.338990e-01	1.120109e-02	2.421736e-02	-1.301627e-02
442           	1.861516e-02	5.338972e-01	1.119754e-02	2.421393e-02	-1.301639e-02
443           	1.861700e-02	5.339004e-01	1.119502e-02	2.421451e-02	-1.301949e-02
444           	1.861500e-02	5.338959e-01	1.119201e-02	2.421100e-02	-1.301899e-02
445           	1.861703e-02	5.338994e-01	1.118936e-02	2.421171e-02	-1.302235e-02
446           	1.861480e-02	5.338929e-01	1.118679e-02	2.420820e-02	-1.302141e-02
447           	1.861701e-02	5.338974e-01	1.118449e-02	2.420925e-02	-1.302476e-02
448           	1.861461e-02	5.338895e-01	1.118215e-02	2.420568e-02	-1.302353e-02
449           	1.861706e-02	5.338961e-01	1.118021e-02	2.420716e-02	-1.302695e-02
450           	1.861459e-02	5.338896e-01	1.117812e-02	2.420365e-02	-1.302553e-02
451           	1.861722e-02	5.338975e-01	1.117706e-02	2.420575e-02	-1.302868e-02
452           	1.861457e-02	5.338890e-01	1.117470e-02	2.420192e-02	-1.302722e-02
453           	1.861720e-02	5.338977e-01	1.117423e-02	2.420431e-02	-1.303008e-02
454           	1.861457e-02	5.338886e-01	1.117140e-02	2.420027e-02	-1.302887e-02
455           	1.861707e-02	5.338975e-01	1.117075e-02	2.420244e-02	-1.303169e-02
456           	1.861467e-02	5.338887e-01	1.116762e-02	2.419848e-02	-1.303086e-02
457           	1.861680e-02	5.338959e-01	1.116695e-02	2.420028e-02	-1.303332e-02
458           	1.861483e-02	5.338889e-01	1.116342e-02	2.419655e-02	-1.303312e-02
459           	1.861648e-02	5.338934e-01	1.116339e-02	2.419817e-02	-1.303479e-02
460           	1.861504e-02	5.338895e-01	1.115921e-02	2.419465e-02	-1.303543e-02
461           	1.861633e-02	5.338924e-01	1.115974e-02	2.419620e-02	-1.303646e-02
462           	1.861546e-02	5.338927e-01	1.115519e-02	2.419306e-02	-1.303786e-02
463           	1.861633e-02	5.338946e-01	1.115632e-02	2.419449e-02	-1.303817e-02
464           	1.861587e-02	5.338976e-01	1.115264e-02	2.419219e-02	-1.303955e-02
465           	1.861631e-02	5.338953e-01	1.115426e-02	2.419344e-02	-1.303918e-02
466           	1.861595e-02	5.338983e-01	1.115138e-02	2.419164e-02	-1.304026e-02
467           	1.861628e-02	5.338951e-01	1.115287e-02	2.419272e-02	-1.303985e-02
468           	1.861586e-02	5.338963e-01	1.115019e-02	2.419096e-02	-1.304077e-02
469           	1.861618e-02	5.338926e-01	1.115151e-02	2.419193e-02	-1.304043e-02
470           	1.861559e-02	5.338917e-01	1.114894e-02	2.419006e-02	-1.304112e-02
471           	1.861609e-02	5.338889e-01	1.115016e-02	2.419117e-02	-1.304102e-02
472           	1.861523e-02	5.338853e-01	1.114794e-02	2.418920e-02	-1.304126e-02
473           	1.861613e-02	5.338846e-01	1.114847e-02	2.419037e-02	-1.304189e-02
474           	1.861504e-02	5.338805e-01	1.114660e-02	2.418834e-02	-1.304174e-02
475           	1.861639e-02	5.338838e-01	1.114630e-02	2.418954e-02	-1.304324e-02
476           	1.861493e-02	5.338789e-01	1.114446e-02	2.418716e-02	-1.304270e-02
477           	1.861671e-02	5.338858e-01	1.114374e-02	2.418859e-02	-1.304484e-02
478           	1.861483e-02	5.338786e-01	1.114160e-02	2.418563e-02	-1.304403e-02
479           	1.861684e-02	5.338873e-01	1.114045e-02	2.418707e-02	-1.304662e-02
480           	1.861469e-02	5.338793e-01	1.113821e-02	2.418380e-02	-1.304559e-02
481           	1.861683e-02	5.338880e-01	1.113712e-02	2.418539e-02	-1.304827e-02
482           	1.861447e-02	5.338792e-01	1.113488e-02	2.418191e-02	-1.304703e-02
483           	1.861668e-02	5.338868e-01	1.113423e-02	2.418380e-02	-1.304957e-02
484           	1.861435e-02	5.338780e-01	1.113246e-02	2.418058e-02	-1.304812e-02
485           	1.861651e-02	5.338842e-01	1.113201e-02	2.418251e-02	-1.305050e-02
486           	1.861424e-02	5.338768e-01	1.113177e-02	2.418013e-02	-1.304836e-02
487           	1.861638e-02	5.338839e-01	1.113102e-02	2.418189e-02	-1.305087e-02
488           	1.861439e-02	5.338786e-01	1.113100e-02	2.417989e-02	-1.304889e-02
489           	1.861639e-02	5.338840e-01	1.113030e-02	2.418154e-02	-1.305124e-02
490           	1.861464e-02	5.338817e-01	1.113014e-02	2.417972e-02	-1.304957e-02
491           	1.861651e-02	5.338854e-01	1.112938e-02	2.418120e-02	-1.305182e-02
492           	1.861475e-02	5.338834e-01	1.112856e-02	2.417903e-02	-1.305047e-02
493           	1.861657e-02	5.338857e-01	1.112834e-02	2.418075e-02	-1.305240e-02
494           	1.861480e-02	5.338831e-01	1.112632e-02	2.417796e-02	-1.305164e-02
495           	1.861644e-02	5.338843e-01	1.112689e-02	2.417989e-02	-1.305300e-02
496           	1.861475e-02	5.338815e-01	1.112384e-02	2.417667e-02	-1.305282e-02
497           	1.861632e-02	5.338825e-01	1.112504e-02	2.417884e-02	-1.305380e-02
498           	1.861471e-02	5.338791e-01	1.112196e-02	2.417569e-02	-1.305373e-02
499           	1.861623e-02	5.338809e-01	1.112400e-02	2.417824e-02	-1.305423e-02
500           	1.861472e-02	5.338790e-01	1.112176e-02	2.417560e-02	-1.305384e-02
501           	1.861623e-02	5.338813e-01	1.112486e-02	2.417866e-02	-1.305381e-02
502           	1.861471e-02	5.338777e-01	1.112245e-02	2.417594e-02	-1.305349e-02
503           	1.861617e-02	5.338813e-01	1.112517e-02	2.417875e-02	-1.305358e-02
504           	1.861468e-02	5.338771e-01	1.112263e-02	2.417599e-02	-1.305336e-02
505           	1.861610e-02	5.338810e-01	1.112481e-02	2.417850e-02	-1.305369e-02
506           	1.861463e-02	5.338763e-01	1.112249e-02	2.417587e-02	-1.305338e-02
507           	1.861606e-02	5.338803e-01	1.112375e-02	2.417793e-02	-1.305418e-02
508           	1.861451e-02	5.338751e-01	1.112207e-02	2.417554e-02	-1.305347e-02
509           	1.861613e-02	5.338798e-01	1.112164e-02	2.417695e-02	-1.305531e-02
510           	1.861452e-02	5.338750e-01	1.112053e-02	2.417479e-02	-1.305426e-02
511           	1.861627e-02	5.338813e-01	1.111871e-02	2.417562e-02	-1.305692e-02
512           	1.861469e-02	5.338775e-01	1.111880e-02	2.417409e-02	-1.305529e-02
513           	1.861649e-02	5.338851e-01	1.111665e-02	2.417481e-02	-1.305816e-02
514           	1.861501e-02	5.338821e-01	1.111778e-02	2.417390e-02	-1.305611e-02
515           	1.861664e-02	5.338874e-01	1.111515e-02	2.417421e-02	-1.305906e-02
516           	1.861517e-02	5.338844e-01	1.111650e-02	2.417342e-02	-1.305692e-02
517           	1.861663e-02	5.338878e-01	1.111404e-02	2.417365e-02	-1.305961e-02
518           	1.861518e-02	5.338830e-01	1.111541e-02	2.417289e-02	-1.305748e-02
519           	1.861643e-02	5.338846e-01	1.111360e-02	2.417323e-02	-1.305963e-02
520           	1.861500e-02	5.338785e-01	1.111495e-02	2.417247e-02	-1.305753e-02
521           	1.861618e-02	5.338802e-01	1.111336e-02	2.417286e-02	-1.305949e-02
522           	1.861486e-02	5.338738e-01	1.111441e-02	2.417206e-02	-1.305765e-02
523           	1.861597e-02	5.338766e-01	1.111315e-02	2.417254e-02	-1.305939e-02
524           	1.861482e-02	5.338721e-01	1.111388e-02	2.417176e-02	-1.305788e-02
525           	1.861598e-02	5.338756e-01	1.111372e-02	2.417284e-02	-1.305912e-02
526           	1.861485e-02	5.338725e-01	1.111347e-02	2.417159e-02	-1.305812e-02
527           	1.861614e-02	5.338776e-01	1.111414e-02	2.417321e-02	-1.305907e-02
528           	1.861485e-02	5.338741e-01	1.111212e-02	2.417091e-02	-1.305878e-02
529           	1.861620e-02	5.338793e-01	1.111356e-02	2.417297e-02	-1.305942e-02
530           	1.861478e-02	5.338765e-01	1.111001e-02	2.416978e-02	-1.305977e-02
531           	1.861622e-02	5.338810e-01	1.111225e-02	2.417234e-02	-1.306010e-02
532           	1.861471e-02	5.338777e-01	1.110847e-02	2.416895e-02	-1.306048e-02
533           	1.861623e-02	5.338811e-01	1.111057e-02	2.417152e-02	-1.306094e-02
534           	1.861457e-02	5.338770e-01	1.110761e-02	2.416837e-02	-1.306077e-02
535           	1.861613e-02	5.338793e-01	1.110962e-02	2.417094e-02	-1.306132e-02
536           	1.861443e-02	5.338760e-01	1.110736e-02	2.416811e-02	-1.306075e-02
537           	1.861607e-02	5.338793e-01	1.110959e-02	2.417086e-02	-1.306128e-02
538           	1.861448e-02	5.338767e-01	1.110812e-02	2.416854e-02	-1.306042e-02
539           	1.861613e-02	5.338790e-01	1.110971e-02	2.417099e-02	-1.306127e-02
540           	1.861454e-02	5.338774e-01	1.110873e-02	2.416890e-02	-1.306017e-02
541           	1.861624e-02	5.338784e-01	1.110984e-02	2.417116e-02	-1.306132e-02
542           	1.861449e-02	5.338759e-01	1.110914e-02	2.416906e-02	-1.305992e-02
543           	1.861629e-02	5.338772e-01	1.110930e-02	2.417094e-02	-1.306163e-02
544           	1.861432e-02	5.338726e-01	1.110868e-02	2.416866e-02	-1.305998e-02
545           	1.861626e-02	5.338756e-01	1.110769e-02	2.417011e-02	-1.306241e-02
546           	1.861418e-02	5.338695e-01	1.110735e-02	2.416786e-02	-1.306051e-02
547           	1.861623e-02	5.338741e-01	1.110607e-02	2.416927e-02	-1.306319e-02
548           	1.861410e-02	5.338672e-01	1.110623e-02	2.416721e-02	-1.306099e-02
549           	1.861625e-02	5.338735e-01	1.110554e-02	2.416902e-02	-1.306348e-02
550           	1.861415e-02	5.338686e-01	1.110595e-02	2.416712e-02	-1.306118e-02
551           	1.861648e-02	5.338766e-01	1.110570e-02	2.416933e-02	-1.306363e-02
552           	1.861416e-02	5.338696e-01	1.110566e-02	2.416699e-02	-1.306133e-02
553           	1.861658e-02	5.338787e-01	1.110559e-02	2.416938e-02	-1.306378e-02
554           	1.861421e-02	5.338710e-01	1.110518e-02	2.416680e-02	-1.306161e-02
555           	1.861664e-02	5.338801e-01	1.110521e-02	2.416925e-02	-1.306404e-02
556           	1.861422e-02	5.338722e-01	1.110437e-02	2.416641e-02	-1.306203e-02
557           	1.861655e-02	5.338806e-01	1.110386e-02	2.416848e-02	-1.306462e-02
558           	1.861430e-02	5.338732e-01	1.110288e-02	2.416574e-02	-1.306286e-02
559           	1.861637e-02	5.338799e-01	1.110221e-02	2.416748e-02	-1.306526e-02
560           	1.861442e-02	5.338743e-01	1.110120e-02	2.416502e-02	-1.306382e-02
561           	1.861622e-02	5.338797e-01	1.110128e-02	2.416686e-02	-1.306558e-02
562           	1.861477e-02	5.338768e-01	1.110004e-02	2.416479e-02	-1.306476e-02
563           	1.861620e-02	5.338815e-01	1.110067e-02	2.416654e-02	-1.306587e-02
564           	1.861529e-02	5.338814e-01	1.109929e-02	2.416493e-02	-1.306564e-02
565           	1.861608e-02	5.338814e-01	1.110030e-02	2.416623e-02	-1.306593e-02
566           	1.861560e-02	5.338827e-01	1.109892e-02	2.416506e-02	-1.306614e-02
567           	1.861587e-02	5.338796e-01	1.110061e-02	2.416617e-02	-1.306557e-02
568           	1.861552e-02	5.338795e-01	1.109971e-02	2.416537e-02	-1.306566e-02
569           	1.861563e-02	5.338751e-01	1.110166e-02	2.416646e-02	-1.306480e-02
570           	1.861529e-02	5.338737e-01	1.110108e-02	2.416583e-02	-1.306474e-02
571           	1.861539e-02	5.338702e-01	1.110284e-02	2.416681e-02	-1.306397e-02
572           	1.861500e-02	5.338682e-01	1.110243e-02	2.416621e-02	-1.306378e-02
573           	1.861533e-02	5.338665e-01	1.110408e-02	2.416737e-02	-1.306330e-02
574           	1.861480e-02	5.338655e-01	1.110354e-02	2.416657e-02	-1.306303e-02
575           	1.861557e-02	5.338670e-01	1.110465e-02	2.416789e-02	-1.306324e-02
576           	1.861466e-02	5.338657e-01	1.110398e-02	2.416665e-02	-1.306267e-02
577           	1.861606e-02	5.338713e-01	1.110421e-02	2.416816e-02	-1.306395e-02
578           	1.861443e-02	5.338667e-01	1.110323e-02	2.416605e-02	-1.306281e-02
579           	1.861635e-02	5.338753e-01	1.110265e-02	2.416768e-02	-1.306503e-02
580           	1.861424e-02	5.338690e-01	1.110145e-02	2.416497e-02	-1.306352e-02
581           	1.861661e-02	5.338787e-01	1.110012e-02	2.416666e-02	-1.306655e-02
582           	1.861403e-02	5.338704e-01	1.109910e-02	2.416359e-02	-1.306448e-02
583           	1.861667e-02	5.338798e-01	1.109777e-02	2.416555e-02	-1.306778e-02
584           	1.861400e-02	5.338711e-01	1.109732e-02	2.416266e-02	-1.306534e-02
585           	1.861651e-02	5.338786e-01	1.109645e-02	2.416473e-02	-1.306828e-02
586           	1.861407e-02	5.338713e-01	1.109654e-02	2.416234e-02	-1.306580e-02
587           	1.861648e-02	5.338793e-01	1.109600e-02	2.416448e-02	-1.306848e-02
588           	1.861429e-02	5.338726e-01	1.109676e-02	2.416267e-02	-1.306591e-02
589           	1.861640e-02	5.338781e-01	1.109649e-02	2.416465e-02	-1.306816e-02
590           	1.861446e-02	5.338732e-01	1.109756e-02	2.416324e-02	-1.306567e-02
591           	1.861624e-02	5.338759e-01	1.109755e-02	2.416502e-02	-1.306746e-02
592           	1.861449e-02	5.338722e-01	1.109824e-02	2.416361e-02	-1.306537e-02
593           	1.861614e-02	5.338738e-01	1.109812e-02	2.416520e-02	-1.306708e-02
594           	1.861439e-02	5.338696e-01	1.109802e-02	2.416340e-02	-1.306537e-02
595           	1.861602e-02	5.338714e-01	1.109829e-02	2.416516e-02	-1.306688e-02
596           	1.861435e-02	5.338678e-01	1.109704e-02	2.416287e-02	-1.306583e-02
597           	1.861594e-02	5.338697e-01	1.109811e-02	2.416499e-02	-1.306688e-02
598           	1.861437e-02	5.338675e-01	1.109556e-02	2.416216e-02	-1.306659e-02
599           	1.861601e-02	5.338711e-01	1.109711e-02	2.416456e-02	-1.306745e-02
600           	1.861454e-02	5.338714e-01	1.109432e-02	2.416170e-02	-1.306738e-02
601           	1.861624e-02	5.338755e-01	1.109688e-02	2.416468e-02	-1.306780e-02
602           	1.861457e-02	5.338729e-01	1.109434e-02	2.416174e-02	-1.306740e-02
603           	1.861628e-02	5.338776e-01	1.109734e-02	2.416495e-02	-1.306761e-02
604           	1.861454e-02	5.338736e-01	1.109489e-02	2.416199e-02	-1.306710e-02
605           	1.861627e-02	5.338782e-01	1.109757e-02	2.416506e-02	-1.306749e-02
606           	1.861456e-02	5.338737e-01	1.109504e-02	2.416208e-02	-1.306704e-02
607           	1.861610e-02	5.338772e-01	1.109712e-02	2.416466e-02	-1.306754e-02
608           	1.861454e-02	5.338728e-01	1.109506e-02	2.416207e-02	-1.306701e-02
609           	1.861587e-02	5.338750e-01	1.109673e-02	2.416423e-02	-1.306751e-02
610           	1.861451e-02	5.338708e-01	1.109539e-02	2.416220e-02	-1.306681e-02
611           	1.861588e-02	5.338742e-01	1.109581e-02	2.416379e-02	-1.306798e-02
612           	1.861456e-02	5.338697e-01	1.109595e-02	2.416253e-02	-1.306658e-02
613           	1.861600e-02	5.338748e-01	1.109542e-02	2.416371e-02	-1.306828e-02
614           	1.861481e-02	5.338710e-01	1.109676e-02	2.416319e-02	-1.306642e-02
615           	1.861606e-02	5.338742e-01	1.109525e-02	2.416369e-02	-1.306844e-02
616           	1.861484e-02	5.338704e-01	1.109713e-02	2.416341e-02	-1.306628e-02
617           	1.861607e-02	5.338730e-01	1.109523e-02	2.416368e-02	-1.306845e-02
618           	1.861487e-02	5.338690e-01	1.109692e-02	2.416333e-02	-1.306641e-02
619           	1.861607e-02	5.338714e-01	1.109494e-02	2.416354e-02	-1.306860e-02
620           	1.861471e-02	5.338664e-01	1.109653e-02	2.416297e-02	-1.306645e-02
621           	1.861601e-02	5.338696e-01	1.109484e-02	2.416343e-02	-1.306859e-02
622           	1.861456e-02	5.338643e-01	1.109607e-02	2.416260e-02	-1.306653e-02
623           	1.861599e-02	5.338690e-01	1.109437e-02	2.416318e-02	-1.306880e-02
624           	1.861448e-02	5.338647e-01	1.109526e-02	2.416211e-02	-1.306685e-02
625           	1.861606e-02	5.338709e-01	1.109414e-02	2.416313e-02	-1.306899e-02
626           	1.861455e-02	5.338676e-01	1.109449e-02	2.416179e-02	-1.306730e-02
627           	1.861622e-02	5.338748e-01	1.109431e-02	2.416337e-02	-1.306906e-02
628           	1.861454e-02	5.338703e-01	1.109346e-02	2.416127e-02	-1.306781e-02
629           	1.861624e-02	5.338774e-01	1.109397e-02	2.416323e-02	-1.306926e-02
630           	1.861463e-02	5.338735e-01	1.109168e-02	2.416047e-02	-1.306879e-02
631           	1.861620e-02	5.338790e-01	1.109308e-02	2.416274e-02	-1.306966e-02
632           	1.861463e-02	5.338760e-01	1.108970e-02	2.415948e-02	-1.306977e-02
633           	1.861608e-02	5.338792e-01	1.109199e-02	2.416208e-02	-1.307009e-02
634           	1.861471e-02	5.338762e-01	1.108872e-02	2.415907e-02	-1.307035e-02
635           	1.861596e-02	5.338775e-01	1.109134e-02	2.416163e-02	-1.307029e-02
636           	1.861459e-02	5.338736e-01	1.108935e-02	2.415927e-02	-1.306991e-02
637           	1.861593e-02	5.338750e-01	1.109245e-02	2.416215e-02	-1.306970e-02
638           	1.861456e-02	5.338708e-01	1.109150e-02	2.416031e-02	-1.306880e-02
639           	1.861587e-02	5.338717e-01	1.109450e-02	2.416312e-02	-1.306862e-02
640           	1.861452e-02	5.338690e-01	1.109403e-02	2.416153e-02	-1.306751e-02
641           	1.861591e-02	5.338691e-01	1.109615e-02	2.416399e-02	-1.306784e-02
642           	1.861443e-02	5.338672e-01	1.109542e-02	2.416214e-02	-1.306672e-02
643           	1.861595e-02	5.338679e-01	1.109670e-02	2.416431e-02	-1.306760e-02
644           	1.861420e-02	5.338654e-01	1.109582e-02	2.416211e-02	-1.306630e-02
645           	1.861602e-02	5.338675e-01	1.109612e-02	2.416408e-02	-1.306797e-02
646           	1.861396e-02	5.338633e-01	1.109534e-02	2.416163e-02	-1.306629e-02
647           	1.861614e-02	5.338686e-01	1.109441e-02	2.416334e-02	-1.306893e-02
648           	1.861387e-02	5.338631e-01	1.109372e-02	2.416073e-02	-1.306701e-02
649           	1.861629e-02	5.338710e-01	1.109240e-02	2.416249e-02	-1.307009e-02
650           	1.861400e-02	5.338670e-01	1.109231e-02	2.416015e-02	-1.306784e-02
651           	1.861647e-02	5.338754e-01	1.109195e-02	2.416244e-02	-1.307050e-02
652           	1.861415e-02	5.338692e-01	1.109174e-02	2.416002e-02	-1.306828e-02
653           	1.861662e-02	5.338785e-01	1.109156e-02	2.416240e-02	-1.307084e-02
654           	1.861426e-02	5.338712e-01	1.109114e-02	2.415983e-02	-1.306869e-02
655           	1.861658e-02	5.338796e-01	1.109119e-02	2.416217e-02	-1.307098e-02
656           	1.861432e-02	5.338717e-01	1.109087e-02	2.415976e-02	-1.306889e-02
657           	1.861640e-02	5.338784e-01	1.109119e-02	2.416200e-02	-1.307081e-02
658           	1.861430e-02	5.338705e-01	1.109097e-02	2.415979e-02	-1.306882e-02
659           	1.861620e-02	5.338758e-01	1.109097e-02	2.416168e-02	-1.307072e-02
660           	1.861431e-02	5.338680e-01	1.109099e-02	2.415980e-02	-1.306881e-02
661           	1.861606e-02	5.338730e-01	1.109091e-02	2.416152e-02	-1.307061e-02
662           	1.861446e-02	5.338669e-01	1.109120e-02	2.416006e-02	-1.306885e-02
663           	1.861603e-02	5.338722e-01	1.109157e-02	2.416181e-02	-1.307024e-02
664           	1.861479e-02	5.338689e-01	1.109163e-02	2.416060e-02	-1.306897e-02
665           	1.861595e-02	5.338712e-01	1.109181e-02	2.416186e-02	-1.307005e-02
666           	1.861507e-02	5.338709e-01	1.109079e-02	2.416046e-02	-1.306967e-02
667           	1.861587e-02	5.338714e-01	1.109123e-02	2.416149e-02	-1.307026e-02
668           	1.861524e-02	5.338725e-01	1.108959e-02	2.416004e-02	-1.307045e-02
669           	1.861570e-02	5.338705e-01	1.109098e-02	2.416119e-02	-1.307020e-02
670           	1.861512e-02	5.338707e-01	1.108988e-02	2.416006e-02	-1.307018e-02
671           	1.861552e-02	5.338689e-01	1.109139e-02	2.416122e-02	-1.306983e-02
672           	1.861500e-02	5.338685e-01	1.109055e-02	2.416028e-02	-1.306972e-02
673           	1.861540e-02	5.338676e-01	1.109206e-02	2.416143e-02	-1.306937e-02
674           	1.861492e-02	5.338678e-01	1.109126e-02	2.416055e-02	-1.306929e-02
675           	1.861545e-02	5.338682e-01	1.109313e-02	2.416201e-02	-1.306888e-02
676           	1.861487e-02	5.338689e-01	1.109233e-02	2.416104e-02	-1.306871e-02
677           	1.861573e-02	5.338714e-01	1.109413e-02	2.416279e-02	-1.306866e-02
678           	1.861473e-02	5.338692e-01	1.109295e-02	2.416120e-02	-1.306825e-02
679           	1.861601e-02	5.338739e-01	1.109387e-02	2.416295e-02	-1.306908e-02
680           	1.861443e-02	5.338691e-01	1.109285e-02	2.416085e-02	-1.306800e-02
681           	1.861624e-02	5.338756e-01	1.109310e-02	2.416279e-02	-1.306968e-02
682           	1.861413e-02	5.338685e-01	1.109205e-02	2.416015e-02	-1.306810e-02
683           	1.861650e-02	5.338761e-01	1.109134e-02	2.416216e-02	-1.307083e-02
684           	1.861397e-02	5.338665e-01	1.109106e-02	2.415949e-02	-1.306844e-02
685           	1.861651e-02	5.338738e-01	1.109022e-02	2.416162e-02	-1.307141e-02
686           	1.861386e-02	5.338637e-01	1.109051e-02	2.415911e-02	-1.306860e-02
687           	1.861647e-02	5.338720e-01	1.108984e-02	2.416139e-02	-1.307155e-02
688           	1.861390e-02	5.338629e-01	1.109078e-02	2.415929e-02	-1.306850e-02
689           	1.861647e-02	5.338713e-01	1.109007e-02	2.416151e-02	-1.307143e-02
690           	1.861410e-02	5.338648e-01	1.109129e-02	2.415975e-02	-1.306846e-02
691           	1.861641e-02	5.338710e-01	1.109051e-02	2.416167e-02	-1.307116e-02
692           	1.861419e-02	5.338665e-01	1.109140e-02	2.415989e-02	-1.306849e-02
693           	1.861622e-02	5.338709e-01	1.109089e-02	2.416167e-02	-1.307077e-02
694           	1.861427e-02	5.338678e-01	1.109103e-02	2.415979e-02	-1.306876e-02
695           	1.861607e-02	5.338712e-01	1.109045e-02	2.416129e-02	-1.307084e-02
696           	1.861428e-02	5.338683e-01	1.108978e-02	2.415917e-02	-1.306939e-02
697           	1.861592e-02	5.338713e-01	1.108991e-02	2.416088e-02	-1.307097e-02
698           	1.861442e-02	5.338691e-01	1.108832e-02	2.415858e-02	-1.307026e-02
699           	1.861593e-02	5.338723e-01	1.108939e-02	2.416063e-02	-1.307124e-02
700           	1.861462e-02	5.338728e-01	1.108692e-02	2.415808e-02	-1.307116e-02
701           	1.861603e-02	5.338755e-01	1.108944e-02	2.416076e-02	-1.307131e-02
702           	1.861477e-02	5.338750e-01	1.108662e-02	2.415808e-02	-1.307146e-02
703           	1.861620e-02	5.338782e-01	1.108978e-02	2.416109e-02	-1.307131e-02
704           	1.861474e-02	5.338749e-01	1.108736e-02	2.415842e-02	-1.307106e-02
705           	1.861626e-02	5.338781e-01	1.109070e-02	2.416161e-02	-1.307091e-02
706           	1.861463e-02	5.338726e-01	1.108862e-02	2.415894e-02	-1.307032e-02
707           	1.861613e-02	5.338752e-01	1.109166e-02	2.416196e-02	-1.307030e-02
708           	1.861441e-02	5.338684e-01	1.108978e-02	2.415930e-02	-1.306952e-02
709           	1.861594e-02	5.338707e-01	1.109198e-02	2.416193e-02	-1.306995e-02
710           	1.861426e-02	5.338639e-01	1.109044e-02	2.415948e-02	-1.306904e-02
711           	1.861576e-02	5.338664e-01	1.109179e-02	2.416165e-02	-1.306986e-02
712           	1.861422e-02	5.338614e-01	1.109112e-02	2.415978e-02	-1.306866e-02
713           	1.861580e-02	5.338670e-01	1.109159e-02	2.416159e-02	-1.307000e-02
714           	1.861445e-02	5.338632e-01	1.109222e-02	2.416055e-02	-1.306834e-02
715           	1.861584e-02	5.338681e-01	1.109082e-02	2.416125e-02	-1.307043e-02
716           	1.861469e-02	5.338663e-01	1.109181e-02	2.416060e-02	-1.306879e-02
717           	1.861594e-02	5.338707e-01	1.108953e-02	2.416071e-02	-1.307117e-02
718           	1.861484e-02	5.338687e-01	1.109085e-02	2.416026e-02	-1.306941e-02
719           	1.861586e-02	5.338714e-01	1.108898e-02	2.416035e-02	-1.307137e-02
720           	1.861484e-02	5.338690e-01	1.109048e-02	2.416008e-02	-1.306961e-02
721           	1.861586e-02	5.338716e-01	1.108857e-02	2.416014e-02	-1.307158e-02
722           	1.861475e-02	5.338680e-01	1.108998e-02	2.415974e-02	-1.306976e-02
723           	1.861585e-02	5.338712e-01	1.108836e-02	2.416003e-02	-1.307168e-02
724           	1.861464e-02	5.338672e-01	1.108972e-02	2.415950e-02	-1.306978e-02
725           	1.861599e-02	5.338717e-01	1.108904e-02	2.416051e-02	-1.307147e-02
726           	1.861464e-02	5.338685e-01	1.109013e-02	2.415970e-02	-1.306958e-02
727           	1.861629e-02	5.338748e-01	1.108993e-02	2.416126e-02	-1.307133e-02
728           	1.861453e-02	5.338687e-01	1.109001e-02	2.415953e-02	-1.306953e-02
729           	1.861639e-02	5.338759e-01	1.109008e-02	2.416143e-02	-1.307136e-02
730           	1.861433e-02	5.338686e-01	1.108912e-02	2.415890e-02	-1.306977e-02
731           	1.861633e-02	5.338754e-01	1.108999e-02	2.416133e-02	-1.307134e-02
732           	1.861420e-02	5.338683e-01	1.108788e-02	2.415813e-02	-1.307026e-02
733           	1.861629e-02	5.338739e-01	1.108926e-02	2.416093e-02	-1.307166e-02
734           	1.861428e-02	5.338684e-01	1.108617e-02	2.415736e-02	-1.307120e-02
735           	1.861607e-02	5.338722e-01	1.108813e-02	2.416013e-02	-1.307200e-02
736           	1.861435e-02	5.338683e-01	1.108520e-02	2.415695e-02	-1.307175e-02
737           	1.861590e-02	5.338712e-01	1.108801e-02	2.415990e-02	-1.307190e-02
738           	1.861447e-02	5.338684e-01	1.108625e-02	2.415759e-02	-1.307134e-02
739           	1.861588e-02	5.338715e-01	1.108913e-02	2.416045e-02	-1.307132e-02
740           	1.861463e-02	5.338702e-01	1.108824e-02	2.415876e-02	-1.307051e-02
741           	1.861582e-02	5.338708e-01	1.109069e-02	2.416116e-02	-1.307047e-02
742           	1.861463e-02	5.338702e-01	1.108991e-02	2.415958e-02	-1.306967e-02
743           	1.861572e-02	5.338698e-01	1.109201e-02	2.416173e-02	-1.306972e-02
744           	1.861446e-02	5.338689e-01	1.109108e-02	2.416000e-02	-1.306892e-02
745           	1.861571e-02	5.338685e-01	1.109246e-02	2.416194e-02	-1.306948e-02
746           	1.861429e-02	5.338670e-01	1.109136e-02	2.415996e-02	-1.306861e-02
747           	1.861595e-02	5.338689e-01	1.109173e-02	2.416181e-02	-1.307009e-02
748           	1.861407e-02	5.338651e-01	1.109097e-02	2.415955e-02	-1.306858e-02
749           	1.861616e-02	5.338703e-01	1.109060e-02	2.416146e-02	-1.307086e-02
750           	1.861400e-02	5.338662e-01	1.109009e-02	2.415905e-02	-1.306896e-02
751           	1.861653e-02	5.338742e-01	1.108928e-02	2.416117e-02	-1.307189e-02
752           	1.861404e-02	5.338682e-01	1.108927e-02	2.415868e-02	-1.306941e-02
753           	1.861679e-02	5.338779e-01	1.108892e-02	2.416125e-02	-1.307233e-02
754           	1.861412e-02	5.338693e-01	1.108887e-02	2.415855e-02	-1.306968e-02
755           	1.861683e-02	5.338789e-01	1.108883e-02	2.416125e-02	-1.307241e-02
756           	1.861413e-02	5.338692e-01	1.108873e-02	2.415850e-02	-1.306976e-02
757           	1.861668e-02	5.338779e-01	1.108862e-02	2.416099e-02	-1.307237e-02
758           	1.861420e-02	5.338682e-01	1.108841e-02	2.415840e-02	-1.307000e-02
759           	1.861640e-02	5.338750e-01	1.108824e-02	2.416052e-02	-1.307228e-02
760           	1.861421e-02	5.338663e-01	1.108817e-02	2.415830e-02	-1.307013e-02
761           	1.861603e-02	5.338712e-01	1.108819e-02	2.416013e-02	-1.307193e-02
762           	1.861432e-02	5.338648e-01	1.108838e-02	2.415851e-02	-1.307013e-02
763           	1.861586e-02	5.338707e-01	1.108826e-02	2.415999e-02	-1.307173e-02
764           	1.861462e-02	5.338664e-01	1.108893e-02	2.415908e-02	-1.307015e-02
765           	1.861579e-02	5.338702e-01	1.108887e-02	2.416022e-02	-1.307135e-02
766           	1.861499e-02	5.338693e-01	1.108906e-02	2.415952e-02	-1.307046e-02
767           	1.861570e-02	5.338706e-01	1.108939e-02	2.416039e-02	-1.307100e-02
768           	1.861523e-02	5.338719e-01	1.108849e-02	2.415948e-02	-1.307099e-02
769           	1.861564e-02	5.338712e-01	1.108909e-02	2.416019e-02	-1.307110e-02
770           	1.861531e-02	5.338729e-01	1.108772e-02	2.415917e-02	-1.307145e-02
771           	1.861560e-02	5.338710e-01	1.108866e-02	2.415993e-02	-1.307127e-02
772           	1.861512e-02	5.338713e-01	1.108768e-02	2.415896e-02	-1.307128e-02
773           	1.861555e-02	5.338696e-01	1.108915e-02	2.416012e-02	-1.307097e-02
774           	1.861493e-02	5.338685e-01	1.108834e-02	2.415910e-02	-1.307076e-02
775           	1.861562e-02	5.338690e-01	1.108981e-02	2.416052e-02	-1.307071e-02
776           	1.861484e-02	5.338692e-01	1.108908e-02	2.415938e-02	-1.307030e-02
777           	1.861586e-02	5.338713e-01	1.109102e-02	2.416137e-02	-1.307035e-02
778           	1.861471e-02	5.338687e-01	1.108977e-02	2.415960e-02	-1.306983e-02
779           	1.861599e-02	5.338725e-01	1.109180e-02	2.416189e-02	-1.307009e-02
780           	1.861447e-02	5.338682e-01	1.109013e-02	2.415954e-02	-1.306941e-02
781           	1.861612e-02	5.338734e-01	1.109134e-02	2.416179e-02	-1.307045e-02
782           	1.861413e-02	5.338669e-01	1.108976e-02	2.415901e-02	-1.306925e-02
783           	1.861621e-02	5.338734e-01	1.109000e-02	2.416121e-02	-1.307121e-02
784           	1.861401e-02	5.338658e-01	1.108895e-02	2.415848e-02	-1.306954e-02
785           	1.861617e-02	5.338721e-01	1.108869e-02	2.416052e-02	-1.307183e-02
786           	1.861389e-02	5.338637e-01	1.108857e-02	2.415818e-02	-1.306961e-02
787           	1.861616e-02	5.338707e-01	1.108806e-02	2.416019e-02	-1.307212e-02
788           	1.861396e-02	5.338633e-01	1.108885e-02	2.415838e-02	-1.306953e-02
789           	1.861631e-02	5.338717e-01	1.108839e-02	2.416051e-02	-1.307211e-02
790           	1.861418e-02	5.338656e-01	1.108983e-02	2.415910e-02	-1.306927e-02
791           	1.861638e-02	5.338719e-01	1.108918e-02	2.416097e-02	-1.307179e-02
792           	1.861423e-02	5.338666e-01	1.109044e-02	2.415945e-02	-1.306901e-02
793           	1.861641e-02	5.338722e-01	1.108945e-02	2.416113e-02	-1.307168e-02
794           	1.861416e-02	5.338667e-01	1.109013e-02	2.415923e-02	-1.306910e-02
795           	1.861626e-02	5.338713e-01	1.108902e-02	2.416077e-02	-1.307175e-02
796           	1.861410e-02	5.338662e-01	1.108910e-02	2.415865e-02	-1.306955e-02
797           	1.861617e-02	5.338704e-01	1.108862e-02	2.416048e-02	-1.307186e-02
798           	1.861408e-02	5.338657e-01	1.108790e-02	2.415803e-02	-1.307013e-02
799           	1.861610e-02	5.338702e-01	1.108807e-02	2.416013e-02	-1.307207e-02
800           	1.861426e-02	5.338672e-01	1.108645e-02	2.415748e-02	-1.307103e-02
